# ARIMA, Horizon 1, @period From 1349,2015-10-26 00:00:00,1 to 1924,2015-10-31 23:45:00,0, means 576 lines
2.129964
2.077706
2.44267
1.914005
1.956759
1.270971
1.378806
1.089556
1.140072
1.361703
1.277845
1.292815
1.158646
1.323579
1.792195
1.766025
1.733485
1.11203
0.7458678
0.9726123
1.04246
2.03204
3.347571
4.204041
4.521698
5.242848
5.239285
5.133737
4.85241
5.803774
6.356702
9.808108
11.26883
11.49682
11.43468
12.15221
13.46046
12.85353
13.06025
12.5424
12.52392
15.00255
13.81006
12.38063
12.42062
11.89709
10.83587
11.72349
11.08008
11.68835
11.56061
9.706377
8.649877
7.434987
7.632402
8.258251
9.624449
8.812699
9.12837
9.002857
12.35558
12.21783
11.88558
8.936378
5.521374
5.537779
4.82754
7.780054
8.503606
10.97148
12.44628
13.02318
10.52572
9.060018
9.051143
6.920826
8.608999
8.180156
9.165472
9.995144
11.2525
13.27604
10.95635
10.36107
7.022716
4.766573
4.888109
5.522394
4.879336
4.689553
4.287986
3.374098
2.866681
2.065635
1.705798
3.31334
3.86288
3.739273
2.919338
1.109164
0.7481801
1.02589
0.7655156
1.297855
0.9008372
1.38608
1.728375
1.864718
1.623703
0.9205219
0.3971424
1.438115
1.547418
2.708247
3.127575
3.15079
2.877146
2.18102
2.172189
2.367144
1.991263
2.217471
2.451026
2.966478
5.007306
6.714747
8.529323
9.888836
10.89681
10.96258
12.45656
15.70485
15.99914
16.15423
17.31772
16.38059
17.01728
16.64502
13.59627
10.81897
13.10019
12.28732
12.79872
11.80003
9.162903
8.681307
8.89336
10.42166
11.72086
14.4255
16.52897
14.46626
13.97133
11.20598
9.08516
8.745308
7.947629
8.635048
9.740875
9.169695
10.60915
9.811124
12.68197
14.62187
15.349
15.9428
13.15393
12.04405
11.07488
11.20762
13.9022
13.81753
13.98049
14.56071
13.30093
12.37701
14.37122
11.7065
10.26214
9.71254
8.084075
6.753205
7.683435
6.254782
5.817227
4.012339
2.981356
3.623483
2.795886
4.154554
3.963781
4.236328
5.062557
4.22424
3.189639
2.390231
2.323665
2.775128
2.846722
2.191789
1.643153
1.081624
1.213156
0.8658671
2.153044
1.818255
2.84054
1.982664
2.067791
1.762158
2.966636
4.016533
4.266147
3.89736
3.108346
2.436454
2.092511
1.975277
2.837041
3.855715
5.1923
6.742869
7.220846
8.990234
9.424447
9.777965
9.94354
11.33023
11.09577
11.87366
11.22001
10.5226
13.9207
11.79972
11.78483
10.92332
11.79393
11.83125
14.23425
12.27564
12.78916
12.99739
13.36898
14.59793
13.20985
11.74187
10.18168
9.736428
9.905148
9.557166
12.38279
10.9567
12.84311
12.26402
12.14412
10.90087
13.15111
14.16459
16.91873
17.05944
16.13589
14.30534
11.20556
12.05632
11.43624
11.45472
11.82485
10.27452
8.904515
9.322993
8.866007
9.710983
10.42542
9.174751
8.27122
7.03571
7.611136
9.522048
9.98947
9.318335
7.457474
4.624486
3.671981
3.757687
4.335311
4.438508
4.559455
3.895166
3.701383
3.696653
3.111197
3.494797
3.351451
3.01479
2.566375
1.477185
0.8795835
1.37349
0.9298805
0.7994598
1.023167
1.529769
2.128552
2.038424
2.407047
2.208417
1.615204
1.635081
2.135335
1.906676
2.705458
2.193403
1.940648
2.657667
3.01947
4.489574
5.789031
7.163279
6.646361
9.804787
9.929999
11.96096
13.97704
13.5898
14.99256
12.84616
13.40575
13.68982
13.42987
12.95133
12.15833
10.63615
11.56352
12.39124
13.35234
11.63785
10.43727
9.541724
9.868195
9.698758
10.02839
11.26275
12.47434
11.99125
11.75145
10.45736
9.201136
9.992833
10.04151
11.50844
11.21451
11.32105
10.65434
10.80888
9.862922
9.813881
10.56863
11.2961
13.1671
12.3058
12.63996
11.09136
11.87858
10.2526
9.689175
8.336377
8.42196
9.177523
9.39673
8.765896
8.882069
7.299095
5.81574
6.853824
7.257028
8.699054
9.336018
8.182312
6.679446
5.232901
4.264319
3.906931
3.303739
2.56687
2.363401
2.201046
2.085399
1.987142
2.113422
1.992199
2.22769
3.66983
3.906427
4.27207
3.469145
3.059984
3.173988
2.99028
2.731735
2.265257
2.377476
3.366598
2.527977
2.566886
2.215937
2.188783
2.501458
3.045073
2.584423
5.321793
4.607113
6.123333
7.075345
6.772123
7.453052
9.609961
10.3568
10.89804
14.25549
13.96374
15.03748
15.11778
16.16006
15.16045
13.97908
10.82238
9.914689
7.403527
9.96093
9.391099
10.25456
9.533435
8.435869
7.725708
7.769824
11.12294
11.54294
11.16072
10.01722
9.944592
9.254245
10.23144
11.03867
10.40142
8.854702
8.721007
9.361583
9.824739
12.56825
12.45412
12.43981
13.83942
14.61185
13.7534
13.02532
12.37796
11.36804
10.5547
11.04244
11.96566
14.96536
13.67536
11.98653
13.81184
12.92515
10.34015
10.23813
9.072587
8.87415
7.647277
6.85259
7.103448
6.788249
6.050108
5.318338
4.393089
3.908703
3.535707
3.381739
3.338235
2.590187
2.182009
1.886068
1.980681
2.171218
2.369573
2.537888
2.906641
3.737977
3.193158
2.463774
1.82543
1.327034
1.254358
1.31521
1.434244
1.302456
1.422365
1.551967
1.662867
1.743921
1.535102
1.572016
1.630243
1.429341
1.748056
1.833115
2.701172
3.083418
2.877361
2.83727
1.934609
3.033323
2.954569
3.63725
3.987057
5.821872
7.650142
8.100313
7.738504
8.629549
6.249864
6.507396
6.301471
7.916686
7.101939
8.404671
8.227949
7.517271
7.45162
8.257255
9.143208
9.564675
9.936452
9.553395
9.120268
8.433062
8.362104
8.153517
7.239003
7.20919
7.063136
6.22465
4.689616
3.905726
3.172092
2.451678
2.797774
2.846516
4.516981
4.699288
5.041206
4.819407
5.2797
5.242143
5.870671
5.752914
6.121493
5.837125
6.148808
4.709028
5.166888
4.356554
4.167116
5.853926
6.580756
6.932553
6.650085
4.966186
4.669312
3.900567
3.680941
3.905014
3.650422
3.273043
3.314496
