# ETS, Horizon 1, @period From 1349,2015-10-26 00:00:00,1 to 1924,2015-10-31 23:45:00,0, means 576 lines
2.567212
1.957957
2.169979
1.721741
1.721319
1.102677
1.289011
1.140466
1.042342
1.30449
1.197845
1.118078
1.061333
1.345459
1.891671
1.664231
1.470517
0.9928816
0.9494979
1.252017
1.172891
2.077857
3.424134
4.113773
3.940545
5.049813
5.54471
5.22174
4.58407
6.35565
7.057278
10.14176
10.84419
10.93562
10.88585
13.0719
14.3637
12.65028
12.5295
13.38336
13.70075
15.20517
13.42823
11.66425
12.88727
12.91574
10.6848
11.53702
11.61414
11.69545
10.80799
9.162105
8.557758
7.829843
8.009543
8.49244
9.551752
8.166321
8.345768
9.1524
13.33911
11.72073
10.35826
7.963982
5.806444
6.799839
6.053529
8.10106
8.44307
10.62047
11.62995
12.65403
9.486621
8.928494
10.13244
8.199039
8.309737
8.115499
9.91359
9.714974
10.81475
12.9358
10.66667
9.49328
6.993478
6.070117
5.776334
6.278207
4.460689
4.073183
4.174207
3.6595
2.344618
1.705258
1.909358
3.741096
3.562205
2.768231
2.156172
1.381021
1.134611
1.301715
0.819893
1.110702
0.717447
1.388438
1.59705
1.752913
1.223241
0.8099796
0.5030271
1.881817
1.669452
2.449864
2.715287
3.211061
2.606117
2.115765
2.374228
2.899175
2.017576
1.972119
2.588313
3.388956
4.952002
6.444842
8.177445
9.425154
10.60869
10.75528
12.72955
16.45635
16.23929
15.29165
17.33009
17.87392
17.54776
16.23588
13.89274
11.42197
14.54025
13.40737
12.2238
10.3635
9.693023
9.16705
9.189727
10.29041
11.47511
14.01637
15.92644
13.34128
12.93955
11.64279
10.35154
9.0791
8.504541
9.114004
9.954171
8.653807
9.96489
9.681511
13.03416
14.26207
14.7755
14.75845
13.03033
12.35627
11.85959
12.16018
14.36254
13.72759
13.21601
14.12627
13.82672
12.27774
14.37417
12.06703
9.648851
9.513223
8.82256
7.047668
7.739529
6.366935
5.381677
3.71338
2.851861
3.940758
2.856636
3.714777
3.719487
3.78529
4.815711
3.95861
2.647472
2.321721
2.757437
3.117996
2.748347
1.8208
1.461035
1.21573
1.381722
0.884284
2.147918
1.817032
2.531719
1.767259
1.826784
1.875998
3.218371
4.222393
3.973463
3.42073
2.982552
2.64488
2.397375
2.221516
3.078414
4.060769
5.123811
6.536731
6.900674
8.758055
9.431773
9.551178
9.882428
11.73119
11.4291
11.77981
11.33919
10.6461
14.67476
12.17687
10.85046
11.14089
12.67557
12.22904
14.12632
12.00417
12.27431
13.46826
13.72874
14.53751
12.88824
11.26065
10.37797
10.39511
10.45719
9.57548
12.47758
10.84574
12.14365
12.17718
11.85983
10.64131
13.5493
14.82992
17.69258
17.21523
15.77231
14.61344
12.10186
13.78845
13.17309
12.09157
12.2471
10.47714
8.830395
9.907872
9.484965
9.870932
10.50284
8.747275
7.739318
7.00717
8.10703
10.27695
9.998696
8.468392
6.659545
4.337452
3.920512
4.338756
4.395711
3.844
3.775098
3.113959
2.961328
3.200828
2.442383
2.849902
2.859742
2.236117
1.773163
1.442425
0.8941409
1.466697
0.9657965
0.5954141
0.9731882
1.59871
2.080021
1.791337
2.199565
2.18144
1.512696
1.641558
2.387859
1.991914
2.641238
2.168434
1.796058
2.796967
3.239311
4.52316
5.791693
7.030199
6.301295
9.860176
10.2763
11.78695
14.14572
13.54045
14.94157
12.97045
13.70238
14.54113
13.86779
12.993
12.31359
10.84435
12.01438
12.93854
13.33401
11.03673
9.932715
9.771094
10.34105
9.843281
10.13731
11.66425
12.83717
11.7587
11.54578
10.73311
9.473867
10.78695
10.8556
11.86968
11.3531
11.25924
10.86258
11.20134
10.17808
10.05014
11.25468
11.86055
13.5911
12.31037
12.57157
11.4777
12.55622
10.82852
9.819161
8.763374
8.973298
9.819249
9.538935
8.366875
8.780514
7.190882
5.363642
7.23337
7.75591
8.483546
9.030328
7.511474
6.012896
4.890296
4.093917
3.858743
3.097479
1.923182
1.727293
1.639567
1.304571
1.085209
1.27771
1.124249
1.347488
3.1404
3.21652
3.211771
2.589713
2.400307
2.899083
2.639102
2.754904
2.201782
2.421523
3.558627
2.499974
2.317764
2.185419
2.413666
2.595584
3.054516
2.439438
5.47964
4.588449
5.772542
6.982205
6.838781
7.374164
9.956872
10.59983
10.69054
14.53506
14.17938
14.74346
15.74448
17.07328
16.08293
14.5695
11.44922
11.04913
8.541531
11.55234
10.08611
10.89835
9.613236
8.331137
7.709117
7.938366
12.02541
11.59492
10.90175
9.701005
10.05402
9.383087
10.79013
11.55917
10.52938
8.759392
9.015943
9.886339
10.24789
13.39065
12.55337
12.52229
14.44414
15.09396
13.98506
13.42207
12.96842
11.98881
11.2596
12.00633
12.92495
16.18188
13.84301
12.00685
14.73972
13.36819
10.40656
10.97811
9.590796
9.520144
7.958755
7.091094
7.462213
6.854028
5.488192
4.803623
3.952024
3.478096
3.131387
2.917669
2.801566
1.809242
1.392325
1.119785
1.265063
1.418968
1.556523
1.677238
2.084619
3.034645
2.176111
1.499971
0.9739024
0.5735771
0.6229071
0.6802035
0.7417998
0.4842691
0.6098496
0.7161786
0.8022231
0.8686671
0.6030166
0.7131509
0.8016053
0.5541181
0.9933192
1.967818
2.710058
2.929974
2.74482
2.887375
2.012078
3.258206
3.256469
3.543757
4.071284
6.028449
7.824888
7.86687
7.503947
8.73837
6.48418
6.605163
7.021675
8.296883
7.059879
8.286549
8.283255
7.31259
7.502936
8.59112
9.417488
9.424937
9.700811
9.56195
9.121907
8.457014
8.5734
8.363751
7.26845
7.385014
7.202486
6.121261
4.359571
3.690933
2.92117
2.094364
2.783004
2.717523
4.330836
4.290866
4.563228
4.441187
5.279279
5.279759
5.885704
5.691125
6.163082
5.87266
6.259056
4.647348
5.303581
4.565278
4.323105
6.040205
6.746957
6.630985
6.193531
4.888411
4.818805
4.189474
3.710258
4.01007
3.635555
3.046291
3.253987
