+  cat (" @vrivas ETS | ");
+  cat (" @vrivas ARIMA | ");
+  cat (" @vrivas CROSTON | ");
+  cat (" @vrivas THETA | ");
+  cat ( " @vrivas SPLINE | ");
+  cat (" @vrivas MEAN | ");
+  cat (" @vrivas RW | ");
+   cat( " @vrivas                                 ", aBD, "\n" );
 @vrivas                                  DGT_1011 
 @vrivas ETS |  | ME:  -74.73583  | MSE:  14692.06  | RMSE:  121.2108 | MAE mean:  93.83657  | MPE:  -123.3598 | MASE:  NA  | ACF1:  NA  | RelRMSE:  NA | MAPE (recalculado):  88.01212 | MASE (recalculado):  5.23293 | MdAE:  59.79084 | MdAPE:  70.80674 | sMAPE(%):  83.10068 | sMdAPE(%):  87.15855 | MRAE :  Inf | MdRAE:  5.724676 | GMRAE:  Inf | Obtenidas:  84.23325 80.35202 77.11115 74.40498 72.14531 70.25845 68.68291 67.36731 66.26877 65.35148 64.58553 63.94596 63.4119 62.96596 62.5936 62.28267 62.02304 61.80625 61.62523 61.47407 61.34785 61.24246 61.15445 61.08097 61.01961 60.96837 60.92559 60.88986 60.86003 60.83512 60.81432 60.79696 60.78245 60.77035 60.76023 60.75179 60.74474 60.73885 60.73394 60.72983 60.72641 60.72354 60.72115 60.71916 60.71749 60.7161 60.71494 60.71397 60.71316 60.71248 60.71192 60.71145 60.71105 60.71072 60.71045 60.71022 60.71003 60.70987 60.70974 60.70962 60.70953 60.70945 60.70939 60.70933 60.70929 60.70925 60.70922 60.70919 60.70917 60.70915 60.70914 60.70912 60.70911 60.70911 60.7091 60.70909 60.70909 60.70908 60.70908 60.70908 60.70907 60.70907 60.70907 60.70907 60.70907 60.70907 60.70906 60.70906 60.70906 60.70906 60.70906 60.70906 60.70906 60.70906 60.70906 60.70906 60.70906 60.70906 60.70906 60.70906 60.70906 60.70906 60.70906 60.70906 60.70906 60.70906 60.70906 60.70906 60.70906 60.70906 60.70906 60.70906 60.70906 60.70906 60.70906 60.70906 60.70906 60.70906 60.70906 60.70906 60.70906 60.70906 60.70906 60.70906 60.70906 60.70906 60.70906 60.70906 60.70906 60.70906 60.70906 60.70906 60.70906 60.70906 60.70906 60.70906 60.70906 60.70906 60.70906 60.70906 60.70906 60.70906 60.70906 60.70906 60.70906 60.70906 60.70906 60.70906 60.70906 60.70906 60.70906 60.70906 60.70906 60.70906 60.70906 60.70906 60.70906 60.70906 60.70906 60.70906 60.70906 60.70906 60.70906 60.70906 60.70906 60.70906 60.70906 60.70906 60.70906 60.70906 60.70906 60.70906 60.70906 60.70906 60.70906 60.70906 60.70906 60.70906 60.70906 60.70906 60.70906 60.70906 60.70906 60.70906 60.70906 60.70906 60.70906 60.70906 60.70906 60.70906 60.70906 60.70906
 @vrivas ARIMA |  | ME:  4.953619  | MSE:  8425.35  | RMSE:  91.78971 | MAE mean:  80.20459  | MPE:  4.895385 | MASE:  NA  | ACF1:  NA  | RelRMSE:  NA | MAPE (recalculado):  173.5977 | MASE (recalculado):  4.472723 | MdAE:  81.59884 | MdAPE:  47.65894 | sMAPE(%):  66.79138 | sMdAPE(%):  55.60116 | MRAE :  Inf | MdRAE:  5.712595 | GMRAE:  Inf | Obtenidas:  93.66873 95.59227 97.44966 99.24317 100.975 102.6473 104.2621 105.8213 107.3269 108.7807 110.1846 111.5401 112.8491 114.113 115.3335 116.512 117.6499 118.7488 119.8098 120.8343 121.8237 122.779 123.7014 124.5921 125.4522 126.2827 127.0847 127.859 128.6068 129.3288 130.026 130.6992 131.3493 131.977 132.5831 133.1684 133.7335 134.2792 134.8062 135.315 135.8063 136.2808 136.7389 137.1812 137.6084 138.0208 138.4191 138.8037 139.175 139.5336 139.8799 140.2142 140.5371 140.8488 141.1498 141.4405 141.7212 141.9922 142.2539 142.5066 142.7506 142.9862 143.2137 143.4334 143.6455 143.8504 144.0482 144.2392 144.4236 144.6017 144.7736 144.9397 145.1 145.2548 145.4043 145.5487 145.6881 145.8227 145.9526 146.0781 146.1993 146.3163 146.4293 146.5384 146.6438 146.7455 146.8438 146.9386 147.0302 147.1186 147.204 147.2865 147.3661 147.443 147.5173 147.589 147.6582 147.725 147.7896 147.8519 147.9121 147.9702 148.0263 148.0805 148.1328 148.1833 148.2321 148.2792 148.3247 148.3686 148.4111 148.452 148.4916 148.5297 148.5666 148.6022 148.6366 148.6698 148.7019 148.7328 148.7627 148.7916 148.8194 148.8463 148.8723 148.8974 148.9216 148.945 148.9676 148.9894 149.0105 149.0308 149.0505 149.0694 149.0878 149.1054 149.1225 149.139 149.1549 149.1703 149.1851 149.1995 149.2133 149.2267 149.2396 149.252 149.2641 149.2757 149.2869 149.2977 149.3082 149.3183 149.3281 149.3375 149.3466 149.3554 149.3638 149.372 149.3799 149.3876 149.3949 149.4021 149.4089 149.4156 149.422 149.4282 149.4341 149.4399 149.4455 149.4509 149.4561 149.4611 149.4659 149.4706 149.4751 149.4795 149.4837 149.4878 149.4917 149.4955 149.4991 149.5027 149.5061 149.5094 149.5126 149.5156 149.5186 149.5215 149.5242 149.5269 149.5295 149.532
 @vrivas CROSTON |  | ME:  59.0146  | MSE:  12466.55  | RMSE:  111.6537 | MAE mean:  96.40912  | MPE:  30.23257 | MASE:  NA  | ACF1:  NA  | RelRMSE:  NA | MAPE (recalculado):  254.6607 | MASE (recalculado):  5.376392 | MdAE:  97.7021 | MdAPE:  61.99624 | sMAPE(%):  71.50878 | sMdAPE(%):  51.78593 | MRAE :  Inf | MdRAE:  7.299649 | GMRAE:  Inf | Obtenidas:  195.2021 195.2021 195.2021 195.2021 195.2021 195.2021 195.2021 195.2021 195.2021 195.2021 195.2021 195.2021 195.2021 195.2021 195.2021 195.2021 195.2021 195.2021 195.2021 195.2021 195.2021 195.2021 195.2021 195.2021 195.2021 195.2021 195.2021 195.2021 195.2021 195.2021 195.2021 195.2021 195.2021 195.2021 195.2021 195.2021 195.2021 195.2021 195.2021 195.2021 195.2021 195.2021 195.2021 195.2021 195.2021 195.2021 195.2021 195.2021 195.2021 195.2021 195.2021 195.2021 195.2021 195.2021 195.2021 195.2021 195.2021 195.2021 195.2021 195.2021 195.2021 195.2021 195.2021 195.2021 195.2021 195.2021 195.2021 195.2021 195.2021 195.2021 195.2021 195.2021 195.2021 195.2021 195.2021 195.2021 195.2021 195.2021 195.2021 195.2021 195.2021 195.2021 195.2021 195.2021 195.2021 195.2021 195.2021 195.2021 195.2021 195.2021 195.2021 195.2021 195.2021 195.2021 195.2021 195.2021 195.2021 195.2021 195.2021 195.2021 195.2021 195.2021 195.2021 195.2021 195.2021 195.2021 195.2021 195.2021 195.2021 195.2021 195.2021 195.2021 195.2021 195.2021 195.2021 195.2021 195.2021 195.2021 195.2021 195.2021 195.2021 195.2021 195.2021 195.2021 195.2021 195.2021 195.2021 195.2021 195.2021 195.2021 195.2021 195.2021 195.2021 195.2021 195.2021 195.2021 195.2021 195.2021 195.2021 195.2021 195.2021 195.2021 195.2021 195.2021 195.2021 195.2021 195.2021 195.2021 195.2021 195.2021 195.2021 195.2021 195.2021 195.2021 195.2021 195.2021 195.2021 195.2021 195.2021 195.2021 195.2021 195.2021 195.2021 195.2021 195.2021 195.2021 195.2021 195.2021 195.2021 195.2021 195.2021 195.2021 195.2021 195.2021 195.2021 195.2021 195.2021 195.2021 195.2021 195.2021 195.2021 195.2021 195.2021 195.2021 195.2021 195.2021 195.2021 195.2021 195.2021 195.2021 195.2021 195.2021
 @vrivas THETA |  | ME:  -44.35076  | MSE:  10930.15  | RMSE:  104.5474 | MAE mean:  85.17571  | MPE:  -48.17337 | MASE:  NA  | ACF1:  NA  | RelRMSE:  NA | MAPE (recalculado):  117.2187 | MASE (recalculado):  4.749945 | MdAE:  67.13521 | MdAPE:  61.29354 | sMAPE(%):  73.47456 | sMdAPE(%):  79.106 | MRAE :  Inf | MdRAE:  5.507005 | GMRAE:  Inf | Obtenidas:  90.97589 90.98491 90.99392 91.00294 91.01195 91.02096 91.02998 91.03899 91.04801 91.05702 91.06603 91.07505 91.08406 91.09308 91.10209 91.1111 91.12012 91.12913 91.13815 91.14716 91.15618 91.16519 91.1742 91.18322 91.19223 91.20125 91.21026 91.21927 91.22829 91.2373 91.24632 91.25533 91.26434 91.27336 91.28237 91.29139 91.3004 91.30941 91.31843 91.32744 91.33646 91.34547 91.35448 91.3635 91.37251 91.38153 91.39054 91.39955 91.40857 91.41758 91.4266 91.43561 91.44462 91.45364 91.46265 91.47167 91.48068 91.4897 91.49871 91.50772 91.51674 91.52575 91.53477 91.54378 91.55279 91.56181 91.57082 91.57984 91.58885 91.59786 91.60688 91.61589 91.62491 91.63392 91.64293 91.65195 91.66096 91.66998 91.67899 91.688 91.69702 91.70603 91.71505 91.72406 91.73307 91.74209 91.7511 91.76012 91.76913 91.77814 91.78716 91.79617 91.80519 91.8142 91.82321 91.83223 91.84124 91.85026 91.85927 91.86829 91.8773 91.88631 91.89533 91.90434 91.91336 91.92237 91.93138 91.9404 91.94941 91.95843 91.96744 91.97645 91.98547 91.99448 92.0035 92.01251 92.02152 92.03054 92.03955 92.04857 92.05758 92.06659 92.07561 92.08462 92.09364 92.10265 92.11166 92.12068 92.12969 92.13871 92.14772 92.15673 92.16575 92.17476 92.18378 92.19279 92.2018 92.21082 92.21983 92.22885 92.23786 92.24688 92.25589 92.2649 92.27392 92.28293 92.29195 92.30096 92.30997 92.31899 92.328 92.33702 92.34603 92.35504 92.36406 92.37307 92.38209 92.3911 92.40011 92.40913 92.41814 92.42716 92.43617 92.44518 92.4542 92.46321 92.47223 92.48124 92.49025 92.49927 92.50828 92.5173 92.52631 92.53532 92.54434 92.55335 92.56237 92.57138 92.58039 92.58941 92.59842 92.60744 92.61645 92.62547 92.63448 92.64349 92.65251 92.66152 92.67054 92.67955 92.68856 92.69758
 @vrivas MEAN |  | ME:  13.45888  | MSE:  9164.971  | RMSE:  95.73385 | MAE mean:  84.72295  | MPE:  8.99379 | MASE:  NA  | ACF1:  NA  | RelRMSE:  NA | MAPE (recalculado):  189.4601 | MASE (recalculado):  4.724696 | MdAE:  89.35362 | MdAPE:  49.78253 | sMAPE(%):  69.15241 | sMdAPE(%):  54.84428 | MRAE :  Inf | MdRAE:  5.869243 | GMRAE:  Inf | Obtenidas:  149.6464 149.6464 149.6464 149.6464 149.6464 149.6464 149.6464 149.6464 149.6464 149.6464 149.6464 149.6464 149.6464 149.6464 149.6464 149.6464 149.6464 149.6464 149.6464 149.6464 149.6464 149.6464 149.6464 149.6464 149.6464 149.6464 149.6464 149.6464 149.6464 149.6464 149.6464 149.6464 149.6464 149.6464 149.6464 149.6464 149.6464 149.6464 149.6464 149.6464 149.6464 149.6464 149.6464 149.6464 149.6464 149.6464 149.6464 149.6464 149.6464 149.6464 149.6464 149.6464 149.6464 149.6464 149.6464 149.6464 149.6464 149.6464 149.6464 149.6464 149.6464 149.6464 149.6464 149.6464 149.6464 149.6464 149.6464 149.6464 149.6464 149.6464 149.6464 149.6464 149.6464 149.6464 149.6464 149.6464 149.6464 149.6464 149.6464 149.6464 149.6464 149.6464 149.6464 149.6464 149.6464 149.6464 149.6464 149.6464 149.6464 149.6464 149.6464 149.6464 149.6464 149.6464 149.6464 149.6464 149.6464 149.6464 149.6464 149.6464 149.6464 149.6464 149.6464 149.6464 149.6464 149.6464 149.6464 149.6464 149.6464 149.6464 149.6464 149.6464 149.6464 149.6464 149.6464 149.6464 149.6464 149.6464 149.6464 149.6464 149.6464 149.6464 149.6464 149.6464 149.6464 149.6464 149.6464 149.6464 149.6464 149.6464 149.6464 149.6464 149.6464 149.6464 149.6464 149.6464 149.6464 149.6464 149.6464 149.6464 149.6464 149.6464 149.6464 149.6464 149.6464 149.6464 149.6464 149.6464 149.6464 149.6464 149.6464 149.6464 149.6464 149.6464 149.6464 149.6464 149.6464 149.6464 149.6464 149.6464 149.6464 149.6464 149.6464 149.6464 149.6464 149.6464 149.6464 149.6464 149.6464 149.6464 149.6464 149.6464 149.6464 149.6464 149.6464 149.6464 149.6464 149.6464 149.6464 149.6464 149.6464 149.6464 149.6464 149.6464 149.6464 149.6464 149.6464 149.6464 149.6464 149.6464 149.6464 149.6464
 @vrivas RW |  | ME:  -49.1875  | MSE:  11403.24  | RMSE:  106.786 | MAE mean:  86.09375  | MPE:  -56.53736 | MASE:  NA  | ACF1:  NA  | RelRMSE:  NA | MAPE (recalculado):  112.0884 | MASE (recalculado):  4.801141 | MdAE:  64 | MdAPE:  62.89827 | sMAPE(%):  74.46871 | sMdAPE(%):  80.73354 | MRAE :  Inf | MdRAE:  5.323529 | GMRAE:  NaN | Obtenidas:  87 87 87 87 87 87 87 87 87 87 87 87 87 87 87 87 87 87 87 87 87 87 87 87 87 87 87 87 87 87 87 87 87 87 87 87 87 87 87 87 87 87 87 87 87 87 87 87 87 87 87 87 87 87 87 87 87 87 87 87 87 87 87 87 87 87 87 87 87 87 87 87 87 87 87 87 87 87 87 87 87 87 87 87 87 87 87 87 87 87 87 87 87 87 87 87 87 87 87 87 87 87 87 87 87 87 87 87 87 87 87 87 87 87 87 87 87 87 87 87 87 87 87 87 87 87 87 87 87 87 87 87 87 87 87 87 87 87 87 87 87 87 87 87 87 87 87 87 87 87 87 87 87 87 87 87 87 87 87 87 87 87 87 87 87 87 87 87 87 87 87 87 87 87 87 87 87 87 87 87 87 87 87 87 87 87 87 87 87 87 87 87
 @vrivas                                  DGT_1021 
 @vrivas ETS |  | ME:  -78.53554  | MSE:  12486.18  | RMSE:  111.7416 | MAE mean:  81.67094  | MPE:  -369.4877 | MASE:  NA  | ACF1:  NA  | RelRMSE:  NA | MAPE (recalculado):  69.03017 | MASE (recalculado):  6.432639 | MdAE:  67.21341 | MdAPE:  78.77434 | sMAPE(%):  101.6236 | sMdAPE(%):  123.1422 | MRAE :  Inf | MdRAE:  4.844512 | GMRAE:  Inf | Obtenidas:  55.75056 49.36994 44.17063 39.9339 36.48156 33.66839 31.37604 29.50809 27.98597 26.74565 25.73497 24.9114 24.24031 23.69346 23.24785 22.88475 22.58887 22.34776 22.1513 21.99121 21.86076 21.75445 21.66783 21.59725 21.53973 21.49287 21.45468 21.42356 21.3982 21.37754 21.3607 21.34698 21.3358 21.32669 21.31926 21.31321 21.30828 21.30427 21.30099 21.29833 21.29615 21.29438 21.29294 21.29176 21.2908 21.29002 21.28939 21.28887 21.28845 21.2881 21.28782 21.28759 21.28741 21.28726 21.28713 21.28703 21.28695 21.28688 21.28683 21.28678 21.28675 21.28672 21.28669 21.28667 21.28666 21.28664 21.28663 21.28663 21.28662 21.28661 21.28661 21.2866 21.2866 21.2866 21.2866 21.28659 21.28659 21.28659 21.28659 21.28659 21.28659 21.28659 21.28659 21.28659 21.28659 21.28659 21.28659 21.28659 21.28659 21.28659 21.28659 21.28659 21.28659 21.28659 21.28659 21.28659 21.28659 21.28659 21.28659 21.28659 21.28659 21.28659 21.28659 21.28659 21.28659 21.28659 21.28659 21.28659 21.28659 21.28659 21.28659 21.28659 21.28659 21.28659 21.28659 21.28659 21.28659 21.28659 21.28659 21.28659 21.28659 21.28659 21.28659 21.28659 21.28659 21.28659 21.28659 21.28659 21.28659 21.28659 21.28659 21.28659 21.28659 21.28659 21.28659 21.28659 21.28659 21.28659 21.28659 21.28659 21.28659 21.28659 21.28659 21.28659 21.28659 21.28659 21.28659 21.28659 21.28659 21.28659 21.28659 21.28659 21.28659 21.28659 21.28659 21.28659 21.28659 21.28659 21.28659 21.28659 21.28659 21.28659 21.28659 21.28659 21.28659 21.28659 21.28659 21.28659 21.28659 21.28659 21.28659 21.28659 21.28659 21.28659 21.28659 21.28659 21.28659 21.28659 21.28659 21.28659 21.28659 21.28659 21.28659 21.28659 21.28659 21.28659 21.28659 21.28659 21.28659 21.28659 21.28659 21.28659
 @vrivas ARIMA |  | ME:  -4.350796  | MSE:  5590.18  | RMSE:  74.76751 | MAE mean:  62.39434  | MPE:  -1.514123 | MASE:  NA  | ACF1:  NA  | RelRMSE:  NA | MAPE (recalculado):  175.876 | MASE (recalculado):  4.914358 | MdAE:  58.39834 | MdAPE:  52.51526 | sMAPE(%):  70.71159 | sMdAPE(%):  63.66761 | MRAE :  Inf | MdRAE:  6.258868 | GMRAE:  Inf | Obtenidas:  56.9158 53.68851 50.44179 48.36895 47.29536 47.06401 47.53444 48.58157 50.09465 51.97611 54.14054 56.51365 59.03123 61.63828 64.28806 66.94127 69.56523 72.13321 74.62368 77.01971 79.30841 81.48035 83.52915 85.45097 87.24419 88.90901 90.44712 91.86151 93.1561 94.33563 95.40541 96.37117 97.23894 98.01489 98.70526 99.31626 99.85401 100.3245 100.7334 101.0863 101.3884 101.6448 101.8601 102.0387 102.1847 102.3019 102.3937 102.4634 102.5138 102.5477 102.5675 102.5753 102.573 102.5624 102.5451 102.5223 102.4954 102.4652 102.4328 102.399 102.3643 102.3293 102.2946 102.2604 102.2271 102.195 102.1642 102.1349 102.1072 102.0812 102.0568 102.0341 102.0132 101.9938 101.9761 101.9599 101.9452 101.9318 101.9199 101.9091 101.8995 101.891 101.8835 101.8769 101.8712 101.8662 101.862 101.8583 101.8553 101.8527 101.8506 101.8489 101.8475 101.8465 101.8457 101.8452 101.8449 101.8447 101.8447 101.8447 101.8449 101.8452 101.8455 101.8459 101.8463 101.8468 101.8472 101.8477 101.8481 101.8486 101.849 101.8495 101.8499 101.8503 101.8507 101.851 101.8513 101.8516 101.8519 101.8522 101.8524 101.8527 101.8529 101.853 101.8532 101.8534 101.8535 101.8536 101.8537 101.8538 101.8539 101.854 101.854 101.8541 101.8541 101.8542 101.8542 101.8542 101.8542 101.8542 101.8543 101.8543 101.8543 101.8543 101.8543 101.8543 101.8543 101.8543 101.8543 101.8543 101.8543 101.8542 101.8542 101.8542 101.8542 101.8542 101.8542 101.8542 101.8542 101.8542 101.8542 101.8542 101.8542 101.8542 101.8542 101.8542 101.8542 101.8542 101.8542 101.8542 101.8542 101.8542 101.8542 101.8542 101.8542 101.8542 101.8541 101.8541 101.8541 101.8541 101.8541 101.8541 101.8541 101.8541 101.8541 101.8541 101.8541 101.8541 101.8541 101.8541 101.8541 101.8541
 @vrivas CROSTON |  | ME:  55.27668  | MSE:  9228.645  | RMSE:  96.06584 | MAE mean:  82.59525  | MPE:  35.41825 | MASE:  NA  | ACF1:  NA  | RelRMSE:  NA | MAPE (recalculado):  317.2815 | MASE (recalculado):  6.50544 | MdAE:  88.5 | MdAPE:  76.35404 | sMAPE(%):  79.11128 | sMdAPE(%):  61.29296 | MRAE :  Inf | MdRAE:  8.647739 | GMRAE:  Inf | Obtenidas:  156.0683 156.0683 156.0683 156.0683 156.0683 156.0683 156.0683 156.0683 156.0683 156.0683 156.0683 156.0683 156.0683 156.0683 156.0683 156.0683 156.0683 156.0683 156.0683 156.0683 156.0683 156.0683 156.0683 156.0683 156.0683 156.0683 156.0683 156.0683 156.0683 156.0683 156.0683 156.0683 156.0683 156.0683 156.0683 156.0683 156.0683 156.0683 156.0683 156.0683 156.0683 156.0683 156.0683 156.0683 156.0683 156.0683 156.0683 156.0683 156.0683 156.0683 156.0683 156.0683 156.0683 156.0683 156.0683 156.0683 156.0683 156.0683 156.0683 156.0683 156.0683 156.0683 156.0683 156.0683 156.0683 156.0683 156.0683 156.0683 156.0683 156.0683 156.0683 156.0683 156.0683 156.0683 156.0683 156.0683 156.0683 156.0683 156.0683 156.0683 156.0683 156.0683 156.0683 156.0683 156.0683 156.0683 156.0683 156.0683 156.0683 156.0683 156.0683 156.0683 156.0683 156.0683 156.0683 156.0683 156.0683 156.0683 156.0683 156.0683 156.0683 156.0683 156.0683 156.0683 156.0683 156.0683 156.0683 156.0683 156.0683 156.0683 156.0683 156.0683 156.0683 156.0683 156.0683 156.0683 156.0683 156.0683 156.0683 156.0683 156.0683 156.0683 156.0683 156.0683 156.0683 156.0683 156.0683 156.0683 156.0683 156.0683 156.0683 156.0683 156.0683 156.0683 156.0683 156.0683 156.0683 156.0683 156.0683 156.0683 156.0683 156.0683 156.0683 156.0683 156.0683 156.0683 156.0683 156.0683 156.0683 156.0683 156.0683 156.0683 156.0683 156.0683 156.0683 156.0683 156.0683 156.0683 156.0683 156.0683 156.0683 156.0683 156.0683 156.0683 156.0683 156.0683 156.0683 156.0683 156.0683 156.0683 156.0683 156.0683 156.0683 156.0683 156.0683 156.0683 156.0683 156.0683 156.0683 156.0683 156.0683 156.0683 156.0683 156.0683 156.0683 156.0683 156.0683 156.0683 156.0683 156.0683 156.0683 156.0683
 @vrivas THETA |  | ME:  -40.3485  | MSE:  7804.336  | RMSE:  88.34215 | MAE mean:  68.85276  | MPE:  -66.79954 | MASE:  NA  | ACF1:  NA  | RelRMSE:  NA | MAPE (recalculado):  119.5963 | MASE (recalculado):  5.423042 | MdAE:  46.86349 | MdAPE:  65.78633 | sMAPE(%):  80.83207 | sMdAPE(%):  86.4479 | MRAE :  Inf | MdRAE:  5.829828 | GMRAE:  Inf | Obtenidas:  60.80035 60.79661 60.79287 60.78913 60.78539 60.78165 60.77791 60.77416 60.77042 60.76668 60.76294 60.7592 60.75546 60.75172 60.74798 60.74424 60.7405 60.73676 60.73302 60.72928 60.72554 60.7218 60.71806 60.71432 60.71058 60.70684 60.7031 60.69936 60.69562 60.69188 60.68814 60.6844 60.68066 60.67692 60.67318 60.66944 60.6657 60.66196 60.65822 60.65448 60.65074 60.647 60.64326 60.63952 60.63578 60.63204 60.6283 60.62456 60.62082 60.61708 60.61334 60.6096 60.60586 60.60212 60.59838 60.59464 60.5909 60.58716 60.58342 60.57968 60.57594 60.5722 60.56846 60.56472 60.56098 60.55724 60.5535 60.54976 60.54602 60.54228 60.53854 60.5348 60.53106 60.52732 60.52358 60.51984 60.5161 60.51236 60.50862 60.50488 60.50114 60.4974 60.49366 60.48992 60.48618 60.48244 60.4787 60.47496 60.47122 60.46748 60.46373 60.45999 60.45625 60.45251 60.44877 60.44503 60.44129 60.43755 60.43381 60.43007 60.42633 60.42259 60.41885 60.41511 60.41137 60.40763 60.40389 60.40015 60.39641 60.39267 60.38893 60.38519 60.38145 60.37771 60.37397 60.37023 60.36649 60.36275 60.35901 60.35527 60.35153 60.34779 60.34405 60.34031 60.33657 60.33283 60.32909 60.32535 60.32161 60.31787 60.31413 60.31039 60.30665 60.30291 60.29917 60.29543 60.29169 60.28795 60.28421 60.28047 60.27673 60.27299 60.26925 60.26551 60.26177 60.25803 60.25429 60.25055 60.24681 60.24307 60.23933 60.23559 60.23185 60.22811 60.22437 60.22063 60.21689 60.21315 60.20941 60.20567 60.20193 60.19819 60.19445 60.19071 60.18697 60.18323 60.17949 60.17575 60.17201 60.16827 60.16453 60.16079 60.15705 60.1533 60.14956 60.14582 60.14208 60.13834 60.1346 60.13086 60.12712 60.12338 60.11964 60.1159 60.11216 60.10842 60.10468 60.10094 60.0972 60.09346 60.08972 60.08598
 @vrivas MEAN |  | ME:  1.514254  | MSE:  6175.427  | RMSE:  78.58388 | MAE mean:  67.8163  | MPE:  1.480124 | MASE:  NA  | ACF1:  NA  | RelRMSE:  NA | MAPE (recalculado):  199.3349 | MASE (recalculado):  5.341408 | MdAE:  68.80592 | MdAPE:  57.98365 | sMAPE(%):  75.79141 | sMdAPE(%):  69.59305 | MRAE :  Inf | MdRAE:  7.367325 | GMRAE:  Inf | Obtenidas:  102.3059 102.3059 102.3059 102.3059 102.3059 102.3059 102.3059 102.3059 102.3059 102.3059 102.3059 102.3059 102.3059 102.3059 102.3059 102.3059 102.3059 102.3059 102.3059 102.3059 102.3059 102.3059 102.3059 102.3059 102.3059 102.3059 102.3059 102.3059 102.3059 102.3059 102.3059 102.3059 102.3059 102.3059 102.3059 102.3059 102.3059 102.3059 102.3059 102.3059 102.3059 102.3059 102.3059 102.3059 102.3059 102.3059 102.3059 102.3059 102.3059 102.3059 102.3059 102.3059 102.3059 102.3059 102.3059 102.3059 102.3059 102.3059 102.3059 102.3059 102.3059 102.3059 102.3059 102.3059 102.3059 102.3059 102.3059 102.3059 102.3059 102.3059 102.3059 102.3059 102.3059 102.3059 102.3059 102.3059 102.3059 102.3059 102.3059 102.3059 102.3059 102.3059 102.3059 102.3059 102.3059 102.3059 102.3059 102.3059 102.3059 102.3059 102.3059 102.3059 102.3059 102.3059 102.3059 102.3059 102.3059 102.3059 102.3059 102.3059 102.3059 102.3059 102.3059 102.3059 102.3059 102.3059 102.3059 102.3059 102.3059 102.3059 102.3059 102.3059 102.3059 102.3059 102.3059 102.3059 102.3059 102.3059 102.3059 102.3059 102.3059 102.3059 102.3059 102.3059 102.3059 102.3059 102.3059 102.3059 102.3059 102.3059 102.3059 102.3059 102.3059 102.3059 102.3059 102.3059 102.3059 102.3059 102.3059 102.3059 102.3059 102.3059 102.3059 102.3059 102.3059 102.3059 102.3059 102.3059 102.3059 102.3059 102.3059 102.3059 102.3059 102.3059 102.3059 102.3059 102.3059 102.3059 102.3059 102.3059 102.3059 102.3059 102.3059 102.3059 102.3059 102.3059 102.3059 102.3059 102.3059 102.3059 102.3059 102.3059 102.3059 102.3059 102.3059 102.3059 102.3059 102.3059 102.3059 102.3059 102.3059 102.3059 102.3059 102.3059 102.3059 102.3059 102.3059 102.3059 102.3059 102.3059 102.3059 102.3059
 @vrivas RW |  | ME:  -42.79167  | MSE:  8004.26  | RMSE:  89.46653 | MAE mean:  69.13542  | MPE:  -73.77874 | MASE:  NA  | ACF1:  NA  | RelRMSE:  NA | MAPE (recalculado):  115.2044 | MASE (recalculado):  5.445305 | MdAE:  45.5 | MdAPE:  66.47287 | sMAPE(%):  81.23813 | sMdAPE(%):  87.92009 | MRAE :  Inf | MdRAE:  5.857143 | GMRAE:  NaN | Obtenidas:  58 58 58 58 58 58 58 58 58 58 58 58 58 58 58 58 58 58 58 58 58 58 58 58 58 58 58 58 58 58 58 58 58 58 58 58 58 58 58 58 58 58 58 58 58 58 58 58 58 58 58 58 58 58 58 58 58 58 58 58 58 58 58 58 58 58 58 58 58 58 58 58 58 58 58 58 58 58 58 58 58 58 58 58 58 58 58 58 58 58 58 58 58 58 58 58 58 58 58 58 58 58 58 58 58 58 58 58 58 58 58 58 58 58 58 58 58 58 58 58 58 58 58 58 58 58 58 58 58 58 58 58 58 58 58 58 58 58 58 58 58 58 58 58 58 58 58 58 58 58 58 58 58 58 58 58 58 58 58 58 58 58 58 58 58 58 58 58 58 58 58 58 58 58 58 58 58 58 58 58 58 58 58 58 58 58 58 58 58 58 58 58
 @vrivas                                  DGT_1031 
 @vrivas ETS |  | ME:  -15.35665  | MSE:  1583.229  | RMSE:  39.78981 | MAE mean:  30.38634  | MPE:  -57.27248 | MASE:  NA  | ACF1:  NA  | RelRMSE:  NA | MAPE (recalculado):  229.066 | MASE (recalculado):  3.926786 | MdAE:  21.96715 | MdAPE:  68.63849 | sMAPE(%):  85.4593 | sMdAPE(%):  85.06787 | MRAE :  Inf | MdRAE:  4.344285 | GMRAE:  Inf | Obtenidas:  32.41471 31.48242 30.70968 30.06918 29.5383 29.09828 28.73356 28.43126 28.18069 27.973 27.80086 27.65818 27.53992 27.44189 27.36065 27.2933 27.23748 27.19122 27.15287 27.12109 27.09474 27.0729 27.05481 27.0398 27.02737 27.01706 27.00852 27.00144 26.99557 26.99071 26.98667 26.98333 26.98056 26.97827 26.97636 26.97479 26.97348 26.97239 26.9715 26.97075 26.97013 26.96962 26.9692 26.96885 26.96856 26.96831 26.96811 26.96795 26.96781 26.9677 26.9676 26.96752 26.96746 26.96741 26.96736 26.96732 26.96729 26.96727 26.96725 26.96723 26.96722 26.9672 26.96719 26.96719 26.96718 26.96717 26.96717 26.96716 26.96716 26.96716 26.96716 26.96715 26.96715 26.96715 26.96715 26.96715 26.96715 26.96715 26.96715 26.96715 26.96715 26.96715 26.96715 26.96715 26.96715 26.96715 26.96715 26.96715 26.96715 26.96715 26.96715 26.96715 26.96715 26.96715 26.96715 26.96715 26.96715 26.96715 26.96715 26.96715 26.96715 26.96715 26.96715 26.96715 26.96715 26.96715 26.96715 26.96715 26.96715 26.96715 26.96715 26.96715 26.96715 26.96715 26.96715 26.96715 26.96715 26.96715 26.96715 26.96715 26.96715 26.96715 26.96715 26.96715 26.96715 26.96715 26.96715 26.96715 26.96715 26.96715 26.96715 26.96715 26.96715 26.96715 26.96715 26.96715 26.96715 26.96715 26.96715 26.96715 26.96715 26.96715 26.96715 26.96715 26.96715 26.96715 26.96715 26.96715 26.96715 26.96715 26.96715 26.96715 26.96715 26.96715 26.96715 26.96715 26.96715 26.96715 26.96715 26.96715 26.96715 26.96715 26.96715 26.96715 26.96715 26.96715 26.96715 26.96715 26.96715 26.96715 26.96715 26.96715 26.96715 26.96715 26.96715 26.96715 26.96715 26.96715 26.96715 26.96715 26.96715 26.96715 26.96715 26.96715 26.96715 26.96715 26.96715 26.96715 26.96715 26.96715 26.96715 26.96715
 @vrivas ARIMA |  | ME:  -4.774615  | MSE:  1296.142  | RMSE:  36.00197 | MAE mean:  29.36809  | MPE:  -10.38108 | MASE:  NA  | ACF1:  NA  | RelRMSE:  NA | MAPE (recalculado):  309.6622 | MASE (recalculado):  3.7952 | MdAE:  25.31414 | MdAPE:  60.81781 | sMAPE(%):  80.50887 | sMdAPE(%):  75.55496 | MRAE :  Inf | MdRAE:  4.734282 | GMRAE:  Inf | Obtenidas:  31.73715 30.40487 29.60607 28.99205 28.54943 28.26443 28.12302 28.11117 28.21494 28.42062 28.71493 29.08502 29.51864 30.00415 30.53063 31.0879 31.66654 32.25791 32.8542 33.44836 34.03416 34.60611 35.15949 35.69028 36.19515 36.67141 37.11698 37.53033 37.91046 38.25683 38.56933 38.84823 39.09415 39.30798 39.49088 39.64421 39.76951 39.86847 39.94285 39.99453 40.0254 40.03739 40.03241 40.01237 39.97911 39.93443 39.88007 39.81766 39.74876 39.67483 39.59722 39.51716 39.43581 39.35419 39.27322 39.1937 39.11635 39.04178 38.9705 38.90292 38.83938 38.78014 38.72537 38.67519 38.62964 38.58871 38.55236 38.52048 38.49294 38.46955 38.45013 38.43446 38.4223 38.4134 38.4075 38.40435 38.40367 38.40521 38.40872 38.41393 38.42061 38.42852 38.43744 38.44718 38.45752 38.4683 38.47935 38.49052 38.50167 38.51269 38.52346 38.53391 38.54394 38.55351 38.56254 38.571 38.57887 38.58612 38.59273 38.59871 38.60406 38.60879 38.61291 38.61645 38.61943 38.62188 38.62383 38.62531 38.62635 38.62701 38.6273 38.62726 38.62694 38.62636 38.62556 38.62458 38.62344 38.62217 38.6208 38.61935 38.61786 38.61634 38.61481 38.61329 38.61179 38.61033 38.60892 38.60758 38.60629 38.60509 38.60396 38.60292 38.60196 38.60109 38.60031 38.59961 38.599 38.59846 38.59801 38.59763 38.59733 38.59709 38.59691 38.59679 38.59672 38.5967 38.59672 38.59678 38.59687 38.59699 38.59713 38.5973 38.59748 38.59767 38.59787 38.59808 38.59828 38.59849 38.5987 38.5989 38.5991 38.59929 38.59947 38.59964 38.5998 38.59995 38.60009 38.60022 38.60033 38.60043 38.60053 38.6006 38.60067 38.60073 38.60078 38.60082 38.60085 38.60087 38.60088 38.60089 38.60089 38.60088 38.60087 38.60086 38.60084 38.60082 38.6008 38.60077 38.60075 38.60072 38.60069 38.60066
 @vrivas CROSTON |  | ME:  16.12299  | MSE:  1597.544  | RMSE:  39.96929 | MAE mean:  34.85237  | MPE:  27.50773 | MASE:  NA  | ACF1:  NA  | RelRMSE:  NA | MAPE (recalculado):  505.4824 | MASE (recalculado):  4.503926 | MdAE:  36.5 | MdAPE:  80.38907 | sMAPE(%):  83.6581 | sMdAPE(%):  73.8503 | MRAE :  Inf | MdRAE:  6.20419 | GMRAE:  Inf | Obtenidas:  58.61257 58.61257 58.61257 58.61257 58.61257 58.61257 58.61257 58.61257 58.61257 58.61257 58.61257 58.61257 58.61257 58.61257 58.61257 58.61257 58.61257 58.61257 58.61257 58.61257 58.61257 58.61257 58.61257 58.61257 58.61257 58.61257 58.61257 58.61257 58.61257 58.61257 58.61257 58.61257 58.61257 58.61257 58.61257 58.61257 58.61257 58.61257 58.61257 58.61257 58.61257 58.61257 58.61257 58.61257 58.61257 58.61257 58.61257 58.61257 58.61257 58.61257 58.61257 58.61257 58.61257 58.61257 58.61257 58.61257 58.61257 58.61257 58.61257 58.61257 58.61257 58.61257 58.61257 58.61257 58.61257 58.61257 58.61257 58.61257 58.61257 58.61257 58.61257 58.61257 58.61257 58.61257 58.61257 58.61257 58.61257 58.61257 58.61257 58.61257 58.61257 58.61257 58.61257 58.61257 58.61257 58.61257 58.61257 58.61257 58.61257 58.61257 58.61257 58.61257 58.61257 58.61257 58.61257 58.61257 58.61257 58.61257 58.61257 58.61257 58.61257 58.61257 58.61257 58.61257 58.61257 58.61257 58.61257 58.61257 58.61257 58.61257 58.61257 58.61257 58.61257 58.61257 58.61257 58.61257 58.61257 58.61257 58.61257 58.61257 58.61257 58.61257 58.61257 58.61257 58.61257 58.61257 58.61257 58.61257 58.61257 58.61257 58.61257 58.61257 58.61257 58.61257 58.61257 58.61257 58.61257 58.61257 58.61257 58.61257 58.61257 58.61257 58.61257 58.61257 58.61257 58.61257 58.61257 58.61257 58.61257 58.61257 58.61257 58.61257 58.61257 58.61257 58.61257 58.61257 58.61257 58.61257 58.61257 58.61257 58.61257 58.61257 58.61257 58.61257 58.61257 58.61257 58.61257 58.61257 58.61257 58.61257 58.61257 58.61257 58.61257 58.61257 58.61257 58.61257 58.61257 58.61257 58.61257 58.61257 58.61257 58.61257 58.61257 58.61257 58.61257 58.61257 58.61257 58.61257 58.61257 58.61257 58.61257 58.61257
 @vrivas THETA |  | ME:  -7.598042  | MSE:  1397.217  | RMSE:  37.37936 | MAE mean:  30.17351  | MPE:  -21.85441 | MASE:  NA  | ACF1:  NA  | RelRMSE:  NA | MAPE (recalculado):  294.0607 | MASE (recalculado):  3.899283 | MdAE:  26.03622 | MdAPE:  62.89582 | sMAPE(%):  82.96023 | sMdAPE(%):  81.98662 | MRAE :  Inf | MdRAE:  4.646614 | GMRAE:  Inf | Obtenidas:  35.04254 35.04096 35.03938 35.0378 35.03622 35.03464 35.03306 35.03148 35.02989 35.02831 35.02673 35.02515 35.02357 35.02199 35.02041 35.01883 35.01724 35.01566 35.01408 35.0125 35.01092 35.00934 35.00776 35.00618 35.0046 35.00301 35.00143 34.99985 34.99827 34.99669 34.99511 34.99353 34.99195 34.99036 34.98878 34.9872 34.98562 34.98404 34.98246 34.98088 34.9793 34.97772 34.97613 34.97455 34.97297 34.97139 34.96981 34.96823 34.96665 34.96507 34.96348 34.9619 34.96032 34.95874 34.95716 34.95558 34.954 34.95242 34.95084 34.94925 34.94767 34.94609 34.94451 34.94293 34.94135 34.93977 34.93819 34.9366 34.93502 34.93344 34.93186 34.93028 34.9287 34.92712 34.92554 34.92396 34.92237 34.92079 34.91921 34.91763 34.91605 34.91447 34.91289 34.91131 34.90972 34.90814 34.90656 34.90498 34.9034 34.90182 34.90024 34.89866 34.89708 34.89549 34.89391 34.89233 34.89075 34.88917 34.88759 34.88601 34.88443 34.88284 34.88126 34.87968 34.8781 34.87652 34.87494 34.87336 34.87178 34.8702 34.86861 34.86703 34.86545 34.86387 34.86229 34.86071 34.85913 34.85755 34.85596 34.85438 34.8528 34.85122 34.84964 34.84806 34.84648 34.8449 34.84332 34.84173 34.84015 34.83857 34.83699 34.83541 34.83383 34.83225 34.83067 34.82908 34.8275 34.82592 34.82434 34.82276 34.82118 34.8196 34.81802 34.81644 34.81485 34.81327 34.81169 34.81011 34.80853 34.80695 34.80537 34.80379 34.8022 34.80062 34.79904 34.79746 34.79588 34.7943 34.79272 34.79114 34.78956 34.78797 34.78639 34.78481 34.78323 34.78165 34.78007 34.77849 34.77691 34.77532 34.77374 34.77216 34.77058 34.769 34.76742 34.76584 34.76426 34.76268 34.76109 34.75951 34.75793 34.75635 34.75477 34.75319 34.75161 34.75003 34.74844 34.74686 34.74528 34.7437 34.74212 34.74054
 @vrivas MEAN |  | ME:  -3.958333  | MSE:  1353.262  | RMSE:  36.78671 | MAE mean:  30.41439  | MPE:  -10.27305 | MASE:  NA  | ACF1:  NA  | RelRMSE:  NA | MAPE (recalculado):  325.3149 | MASE (recalculado):  3.930411 | MdAE:  27.53125 | MdAPE:  60.61464 | sMAPE(%):  82.45214 | sMdAPE(%):  77.22181 | MRAE :  Inf | MdRAE:  5.046875 | GMRAE:  Inf | Obtenidas:  38.53125 38.53125 38.53125 38.53125 38.53125 38.53125 38.53125 38.53125 38.53125 38.53125 38.53125 38.53125 38.53125 38.53125 38.53125 38.53125 38.53125 38.53125 38.53125 38.53125 38.53125 38.53125 38.53125 38.53125 38.53125 38.53125 38.53125 38.53125 38.53125 38.53125 38.53125 38.53125 38.53125 38.53125 38.53125 38.53125 38.53125 38.53125 38.53125 38.53125 38.53125 38.53125 38.53125 38.53125 38.53125 38.53125 38.53125 38.53125 38.53125 38.53125 38.53125 38.53125 38.53125 38.53125 38.53125 38.53125 38.53125 38.53125 38.53125 38.53125 38.53125 38.53125 38.53125 38.53125 38.53125 38.53125 38.53125 38.53125 38.53125 38.53125 38.53125 38.53125 38.53125 38.53125 38.53125 38.53125 38.53125 38.53125 38.53125 38.53125 38.53125 38.53125 38.53125 38.53125 38.53125 38.53125 38.53125 38.53125 38.53125 38.53125 38.53125 38.53125 38.53125 38.53125 38.53125 38.53125 38.53125 38.53125 38.53125 38.53125 38.53125 38.53125 38.53125 38.53125 38.53125 38.53125 38.53125 38.53125 38.53125 38.53125 38.53125 38.53125 38.53125 38.53125 38.53125 38.53125 38.53125 38.53125 38.53125 38.53125 38.53125 38.53125 38.53125 38.53125 38.53125 38.53125 38.53125 38.53125 38.53125 38.53125 38.53125 38.53125 38.53125 38.53125 38.53125 38.53125 38.53125 38.53125 38.53125 38.53125 38.53125 38.53125 38.53125 38.53125 38.53125 38.53125 38.53125 38.53125 38.53125 38.53125 38.53125 38.53125 38.53125 38.53125 38.53125 38.53125 38.53125 38.53125 38.53125 38.53125 38.53125 38.53125 38.53125 38.53125 38.53125 38.53125 38.53125 38.53125 38.53125 38.53125 38.53125 38.53125 38.53125 38.53125 38.53125 38.53125 38.53125 38.53125 38.53125 38.53125 38.53125 38.53125 38.53125 38.53125 38.53125 38.53125 38.53125 38.53125 38.53125 38.53125 38.53125 38.53125
 @vrivas RW |  | ME:  -6.489583  | MSE:  1379.708  | RMSE:  37.14443 | MAE mean:  30.19792  | MPE:  -18.02662 | MASE:  NA  | ACF1:  NA  | RelRMSE:  NA | MAPE (recalculado):  303.3842 | MASE (recalculado):  3.902437 | MdAE:  27 | MdAPE:  62.30263 | sMAPE(%):  82.70438 | sMdAPE(%):  80.99174 | MRAE :  Inf | MdRAE:  4.6 | GMRAE:  NaN | Obtenidas:  36 36 36 36 36 36 36 36 36 36 36 36 36 36 36 36 36 36 36 36 36 36 36 36 36 36 36 36 36 36 36 36 36 36 36 36 36 36 36 36 36 36 36 36 36 36 36 36 36 36 36 36 36 36 36 36 36 36 36 36 36 36 36 36 36 36 36 36 36 36 36 36 36 36 36 36 36 36 36 36 36 36 36 36 36 36 36 36 36 36 36 36 36 36 36 36 36 36 36 36 36 36 36 36 36 36 36 36 36 36 36 36 36 36 36 36 36 36 36 36 36 36 36 36 36 36 36 36 36 36 36 36 36 36 36 36 36 36 36 36 36 36 36 36 36 36 36 36 36 36 36 36 36 36 36 36 36 36 36 36 36 36 36 36 36 36 36 36 36 36 36 36 36 36 36 36 36 36 36 36 36 36 36 36 36 36 36 36 36 36 36 36
 @vrivas                                  DGT_1051 
 @vrivas ETS |  | ME:  -127.0756  | MSE:  30295.94  | RMSE:  174.0573 | MAE mean:  130.325  | MPE:  -627.9156 | MASE:  NA  | ACF1:  NA  | RelRMSE:  NA | MAPE (recalculado):  Inf | MASE (recalculado):  7.219281 | MdAE:  111.2594 | MdAPE:  87.38894 | sMAPE(%):  123.8702 | sMdAPE(%):  152.4359 | MRAE :  Inf | MdRAE:  6.369497 | GMRAE:  Inf | Obtenidas:  52.87071 47.65886 43.27948 39.59959 36.50747 33.90924 31.72601 29.89149 28.35 27.05472 25.96633 25.05178 24.28331 23.63758 23.09499 22.63907 22.25596 21.93405 21.66356 21.43627 21.24528 21.0848 20.94996 20.83665 20.74144 20.66143 20.59421 20.53772 20.49026 20.45037 20.41686 20.3887 20.36504 20.34516 20.32845 20.31441 20.30261 20.2927 20.28437 20.27737 20.27149 20.26655 20.2624 20.25891 20.25598 20.25352 20.25145 20.24971 20.24824 20.24702 20.24598 20.24512 20.24439 20.24378 20.24326 20.24283 20.24247 20.24216 20.24191 20.24169 20.24151 20.24136 20.24123 20.24112 20.24103 20.24095 20.24089 20.24084 20.24079 20.24075 20.24072 20.2407 20.24067 20.24066 20.24064 20.24063 20.24061 20.24061 20.2406 20.24059 20.24059 20.24058 20.24058 20.24057 20.24057 20.24057 20.24057 20.24056 20.24056 20.24056 20.24056 20.24056 20.24056 20.24056 20.24056 20.24056 20.24056 20.24056 20.24056 20.24056 20.24056 20.24056 20.24056 20.24056 20.24056 20.24056 20.24056 20.24056 20.24056 20.24056 20.24056 20.24056 20.24056 20.24056 20.24056 20.24056 20.24056 20.24056 20.24056 20.24056 20.24056 20.24056 20.24056 20.24056 20.24056 20.24056 20.24056 20.24056 20.24056 20.24056 20.24056 20.24056 20.24056 20.24056 20.24056 20.24056 20.24056 20.24056 20.24056 20.24056 20.24056 20.24056 20.24056 20.24056 20.24056 20.24056 20.24056 20.24056 20.24056 20.24056 20.24056 20.24056 20.24056 20.24056 20.24056 20.24056 20.24056 20.24056 20.24056 20.24056 20.24056 20.24056 20.24056 20.24056 20.24056 20.24056 20.24056 20.24056 20.24056 20.24056 20.24056 20.24056 20.24056 20.24056 20.24056 20.24056 20.24056 20.24056 20.24056 20.24056 20.24056 20.24056 20.24056 20.24056 20.24056 20.24056 20.24056 20.24056 20.24056 20.24056 20.24056 20.24056
 @vrivas ARIMA |  | ME:  1.013219  | MSE:  12028.12  | RMSE:  109.6728 | MAE mean:  89.08613  | MPE:  4.477526 | MASE:  NA  | ACF1:  NA  | RelRMSE:  NA | MAPE (recalculado):  Inf | MASE (recalculado):  4.934875 | MdAE:  83.55995 | MdAPE:  50.97772 | sMAPE(%):  70.55179 | sMdAPE(%):  57.80954 | MRAE :  Inf | MdRAE:  5.637457 | GMRAE:  Inf | Obtenidas:  57.1192 49.44767 48.35745 52.38323 52.92902 51.01795 54.12558 61.09125 64.93695 66.4622 71.7372 79.85534 85.16342 88.29574 94.19066 102.1496 107.6006 111.0532 116.5309 123.5023 128.2739 131.2592 135.7391 141.3132 145 147.1362 150.3975 154.4848 156.9912 158.1903 160.2639 162.9889 164.4213 164.7822 165.8489 167.4547 168.0281 167.7456 168.0535 168.8262 168.7915 168.089 167.8933 168.1091 167.7048 166.789 166.3146 166.208 165.6315 164.6684 164.0906 163.8404 163.2368 162.3426 161.7823 161.5104 160.9725 160.2154 159.744 159.5219 159.0977 158.5058 158.1543 158.014 157.7175 157.2896 157.0603 157.0062 156.8283 156.5446 156.4218 156.4416 156.3607 156.192 156.1514 156.2247 156.2141 156.1291 156.1445 156.2493 156.2832 156.253 156.3004 156.4174 156.4739 156.4747 156.5353 156.6494 156.7119 156.7264 156.7865 156.888 156.9455 156.962 157.0136 157.0972 157.1439 157.1558 157.1949 157.2592 157.2929 157.2976 157.3236 157.3698 157.3909 157.3882 157.4027 157.4334 157.444 157.4353 157.4406 157.4594 157.4621 157.4494 157.4483 157.4585 157.4562 157.4416 157.4366 157.4413 157.4362 157.4215 157.4148 157.4164 157.4103 157.3967 157.3899 157.3901 157.3843 157.3726 157.3667 157.3665 157.3617 157.3523 157.3476 157.3478 157.3443 157.3372 157.3339 157.3346 157.3324 157.3273 157.3253 157.3266 157.3255 157.322 157.3211 157.3228 157.3226 157.3204 157.3202 157.3221 157.3224 157.3211 157.3214 157.3233 157.324 157.3233 157.3238 157.3256 157.3264 157.326 157.3266 157.3282 157.329 157.3287 157.3292 157.3306 157.3312 157.3311 157.3315 157.3326 157.333 157.3328 157.3331 157.334 157.3343 157.3341 157.3342 157.3348 157.335 157.3348 157.3348 157.3352 157.3353 157.3351 157.335 157.3353 157.3353 157.3351 157.335 157.3352
 @vrivas CROSTON |  | ME:  39.34031  | MSE:  15442.05  | RMSE:  124.2661 | MAE mean:  105.4433  | MPE:  20.95685 | MASE:  NA  | ACF1:  NA  | RelRMSE:  NA | MAPE (recalculado):  Inf | MASE (recalculado):  5.840971 | MdAE:  116 | MdAPE:  52.54706 | sMAPE(%):  76.48166 | sMdAPE(%):  61.7656 | MRAE :  Inf | MdRAE:  6.891453 | GMRAE:  Inf | Obtenidas:  187.7205 187.7205 187.7205 187.7205 187.7205 187.7205 187.7205 187.7205 187.7205 187.7205 187.7205 187.7205 187.7205 187.7205 187.7205 187.7205 187.7205 187.7205 187.7205 187.7205 187.7205 187.7205 187.7205 187.7205 187.7205 187.7205 187.7205 187.7205 187.7205 187.7205 187.7205 187.7205 187.7205 187.7205 187.7205 187.7205 187.7205 187.7205 187.7205 187.7205 187.7205 187.7205 187.7205 187.7205 187.7205 187.7205 187.7205 187.7205 187.7205 187.7205 187.7205 187.7205 187.7205 187.7205 187.7205 187.7205 187.7205 187.7205 187.7205 187.7205 187.7205 187.7205 187.7205 187.7205 187.7205 187.7205 187.7205 187.7205 187.7205 187.7205 187.7205 187.7205 187.7205 187.7205 187.7205 187.7205 187.7205 187.7205 187.7205 187.7205 187.7205 187.7205 187.7205 187.7205 187.7205 187.7205 187.7205 187.7205 187.7205 187.7205 187.7205 187.7205 187.7205 187.7205 187.7205 187.7205 187.7205 187.7205 187.7205 187.7205 187.7205 187.7205 187.7205 187.7205 187.7205 187.7205 187.7205 187.7205 187.7205 187.7205 187.7205 187.7205 187.7205 187.7205 187.7205 187.7205 187.7205 187.7205 187.7205 187.7205 187.7205 187.7205 187.7205 187.7205 187.7205 187.7205 187.7205 187.7205 187.7205 187.7205 187.7205 187.7205 187.7205 187.7205 187.7205 187.7205 187.7205 187.7205 187.7205 187.7205 187.7205 187.7205 187.7205 187.7205 187.7205 187.7205 187.7205 187.7205 187.7205 187.7205 187.7205 187.7205 187.7205 187.7205 187.7205 187.7205 187.7205 187.7205 187.7205 187.7205 187.7205 187.7205 187.7205 187.7205 187.7205 187.7205 187.7205 187.7205 187.7205 187.7205 187.7205 187.7205 187.7205 187.7205 187.7205 187.7205 187.7205 187.7205 187.7205 187.7205 187.7205 187.7205 187.7205 187.7205 187.7205 187.7205 187.7205 187.7205 187.7205 187.7205 187.7205 187.7205
 @vrivas THETA |  | ME:  -86.39441  | MSE:  21359.9  | RMSE:  146.1503 | MAE mean:  110.4081  | MPE:  -139.3983 | MASE:  NA  | ACF1:  NA  | RelRMSE:  NA | MAPE (recalculado):  Inf | MASE (recalculado):  6.115996 | MdAE:  69.5571 | MdAPE:  71.44251 | sMAPE(%):  94.57742 | sMdAPE(%):  99.41742 | MRAE :  Inf | MdRAE:  6.979433 | GMRAE:  Inf | Obtenidas:  62.24185 62.23917 62.23649 62.23381 62.23113 62.22845 62.22577 62.22309 62.2204 62.21772 62.21504 62.21236 62.20968 62.207 62.20432 62.20164 62.19895 62.19627 62.19359 62.19091 62.18823 62.18555 62.18287 62.18019 62.17751 62.17482 62.17214 62.16946 62.16678 62.1641 62.16142 62.15874 62.15606 62.15337 62.15069 62.14801 62.14533 62.14265 62.13997 62.13729 62.13461 62.13193 62.12924 62.12656 62.12388 62.1212 62.11852 62.11584 62.11316 62.11048 62.10779 62.10511 62.10243 62.09975 62.09707 62.09439 62.09171 62.08903 62.08635 62.08366 62.08098 62.0783 62.07562 62.07294 62.07026 62.06758 62.0649 62.06221 62.05953 62.05685 62.05417 62.05149 62.04881 62.04613 62.04345 62.04077 62.03808 62.0354 62.03272 62.03004 62.02736 62.02468 62.022 62.01932 62.01663 62.01395 62.01127 62.00859 62.00591 62.00323 62.00055 61.99787 61.99519 61.9925 61.98982 61.98714 61.98446 61.98178 61.9791 61.97642 61.97374 61.97105 61.96837 61.96569 61.96301 61.96033 61.95765 61.95497 61.95229 61.9496 61.94692 61.94424 61.94156 61.93888 61.9362 61.93352 61.93084 61.92816 61.92547 61.92279 61.92011 61.91743 61.91475 61.91207 61.90939 61.90671 61.90402 61.90134 61.89866 61.89598 61.8933 61.89062 61.88794 61.88526 61.88258 61.87989 61.87721 61.87453 61.87185 61.86917 61.86649 61.86381 61.86113 61.85844 61.85576 61.85308 61.8504 61.84772 61.84504 61.84236 61.83968 61.837 61.83431 61.83163 61.82895 61.82627 61.82359 61.82091 61.81823 61.81555 61.81286 61.81018 61.8075 61.80482 61.80214 61.79946 61.79678 61.7941 61.79142 61.78873 61.78605 61.78337 61.78069 61.77801 61.77533 61.77265 61.76997 61.76728 61.7646 61.76192 61.75924 61.75656 61.75388 61.7512 61.74852 61.74584 61.74315 61.74047 61.73779 61.73511 61.73243 61.72975
 @vrivas MEAN |  | ME:  9.9142  | MSE:  13992.68  | RMSE:  118.2907 | MAE mean:  99.17129  | MPE:  6.263139 | MASE:  NA  | ACF1:  NA  | RelRMSE:  NA | MAPE (recalculado):  Inf | MASE (recalculado):  5.493537 | MdAE:  99.29441 | MdAPE:  55.78058 | sMAPE(%):  76.07439 | sMdAPE(%):  65.79359 | MRAE :  Inf | MdRAE:  6.705592 | GMRAE:  Inf | Obtenidas:  158.2944 158.2944 158.2944 158.2944 158.2944 158.2944 158.2944 158.2944 158.2944 158.2944 158.2944 158.2944 158.2944 158.2944 158.2944 158.2944 158.2944 158.2944 158.2944 158.2944 158.2944 158.2944 158.2944 158.2944 158.2944 158.2944 158.2944 158.2944 158.2944 158.2944 158.2944 158.2944 158.2944 158.2944 158.2944 158.2944 158.2944 158.2944 158.2944 158.2944 158.2944 158.2944 158.2944 158.2944 158.2944 158.2944 158.2944 158.2944 158.2944 158.2944 158.2944 158.2944 158.2944 158.2944 158.2944 158.2944 158.2944 158.2944 158.2944 158.2944 158.2944 158.2944 158.2944 158.2944 158.2944 158.2944 158.2944 158.2944 158.2944 158.2944 158.2944 158.2944 158.2944 158.2944 158.2944 158.2944 158.2944 158.2944 158.2944 158.2944 158.2944 158.2944 158.2944 158.2944 158.2944 158.2944 158.2944 158.2944 158.2944 158.2944 158.2944 158.2944 158.2944 158.2944 158.2944 158.2944 158.2944 158.2944 158.2944 158.2944 158.2944 158.2944 158.2944 158.2944 158.2944 158.2944 158.2944 158.2944 158.2944 158.2944 158.2944 158.2944 158.2944 158.2944 158.2944 158.2944 158.2944 158.2944 158.2944 158.2944 158.2944 158.2944 158.2944 158.2944 158.2944 158.2944 158.2944 158.2944 158.2944 158.2944 158.2944 158.2944 158.2944 158.2944 158.2944 158.2944 158.2944 158.2944 158.2944 158.2944 158.2944 158.2944 158.2944 158.2944 158.2944 158.2944 158.2944 158.2944 158.2944 158.2944 158.2944 158.2944 158.2944 158.2944 158.2944 158.2944 158.2944 158.2944 158.2944 158.2944 158.2944 158.2944 158.2944 158.2944 158.2944 158.2944 158.2944 158.2944 158.2944 158.2944 158.2944 158.2944 158.2944 158.2944 158.2944 158.2944 158.2944 158.2944 158.2944 158.2944 158.2944 158.2944 158.2944 158.2944 158.2944 158.2944 158.2944 158.2944 158.2944 158.2944 158.2944 158.2944
 @vrivas RW |  | ME:  -86.38021  | MSE:  21355.93  | RMSE:  146.1367 | MAE mean:  110.3698  | MPE:  -139.3229 | MASE:  NA  | ACF1:  NA  | RelRMSE:  NA | MAPE (recalculado):  Inf | MASE (recalculado):  6.113872 | MdAE:  69.5 | MdAPE:  71.55903 | sMAPE(%):  94.53064 | sMdAPE(%):  99.39759 | MRAE :  Inf | MdRAE:  6.97619 | GMRAE:  Inf | Obtenidas:  62 62 62 62 62 62 62 62 62 62 62 62 62 62 62 62 62 62 62 62 62 62 62 62 62 62 62 62 62 62 62 62 62 62 62 62 62 62 62 62 62 62 62 62 62 62 62 62 62 62 62 62 62 62 62 62 62 62 62 62 62 62 62 62 62 62 62 62 62 62 62 62 62 62 62 62 62 62 62 62 62 62 62 62 62 62 62 62 62 62 62 62 62 62 62 62 62 62 62 62 62 62 62 62 62 62 62 62 62 62 62 62 62 62 62 62 62 62 62 62 62 62 62 62 62 62 62 62 62 62 62 62 62 62 62 62 62 62 62 62 62 62 62 62 62 62 62 62 62 62 62 62 62 62 62 62 62 62 62 62 62 62 62 62 62 62 62 62 62 62 62 62 62 62 62 62 62 62 62 62 62 62 62 62 62 62 62 62 62 62 62 62
 @vrivas                                  DGT_1061 
 @vrivas ETS |  | ME:  -16.41223  | MSE:  1637.761  | RMSE:  40.46926 | MAE mean:  31.46702  | MPE:  -57.85263 | MASE:  NA  | ACF1:  NA  | RelRMSE:  NA | MAPE (recalculado):  Inf | MASE (recalculado):  3.594617 | MdAE:  24 | MdAPE:  66.42602 | sMAPE(%):  86.13147 | sMdAPE(%):  88.237 | MRAE :  Inf | MdRAE:  4.726195 | GMRAE:  Inf | Obtenidas:  28.36902 28.36902 28.36902 28.36902 28.36902 28.36902 28.36902 28.36902 28.36902 28.36902 28.36902 28.36902 28.36902 28.36902 28.36902 28.36902 28.36902 28.36902 28.36902 28.36902 28.36902 28.36902 28.36902 28.36902 28.36902 28.36902 28.36902 28.36902 28.36902 28.36902 28.36902 28.36902 28.36902 28.36902 28.36902 28.36902 28.36902 28.36902 28.36902 28.36902 28.36902 28.36902 28.36902 28.36902 28.36902 28.36902 28.36902 28.36902 28.36902 28.36902 28.36902 28.36902 28.36902 28.36902 28.36902 28.36902 28.36902 28.36902 28.36902 28.36902 28.36902 28.36902 28.36902 28.36902 28.36902 28.36902 28.36902 28.36902 28.36902 28.36902 28.36902 28.36902 28.36902 28.36902 28.36902 28.36902 28.36902 28.36902 28.36902 28.36902 28.36902 28.36902 28.36902 28.36902 28.36902 28.36902 28.36902 28.36902 28.36902 28.36902 28.36902 28.36902 28.36902 28.36902 28.36902 28.36902 28.36902 28.36902 28.36902 28.36902 28.36902 28.36902 28.36902 28.36902 28.36902 28.36902 28.36902 28.36902 28.36902 28.36902 28.36902 28.36902 28.36902 28.36902 28.36902 28.36902 28.36902 28.36902 28.36902 28.36902 28.36902 28.36902 28.36902 28.36902 28.36902 28.36902 28.36902 28.36902 28.36902 28.36902 28.36902 28.36902 28.36902 28.36902 28.36902 28.36902 28.36902 28.36902 28.36902 28.36902 28.36902 28.36902 28.36902 28.36902 28.36902 28.36902 28.36902 28.36902 28.36902 28.36902 28.36902 28.36902 28.36902 28.36902 28.36902 28.36902 28.36902 28.36902 28.36902 28.36902 28.36902 28.36902 28.36902 28.36902 28.36902 28.36902 28.36902 28.36902 28.36902 28.36902 28.36902 28.36902 28.36902 28.36902 28.36902 28.36902 28.36902 28.36902 28.36902 28.36902 28.36902 28.36902 28.36902 28.36902 28.36902 28.36902 28.36902 28.36902 28.36902 28.36902 28.36902 28.36902
 @vrivas ARIMA |  | ME:  5.458131  | MSE:  1018.144  | RMSE:  31.90837 | MAE mean:  26.00565  | MPE:  97.58132 | MASE:  NA  | ACF1:  NA  | RelRMSE:  NA | MAPE (recalculado):  Inf | MASE (recalculado):  2.970741 | MdAE:  24.45329 | MdAPE:  52.73105 | sMAPE(%):  77.03709 | sMdAPE(%):  53.5935 | MRAE :  Inf | MdRAE:  3.438856 | GMRAE:  Inf | Obtenidas:  18.34838 15.12803 12.0864 9.393124 6.924909 4.77663 2.877043 1.27784 -0.06364845 -1.120964 -1.921389 -2.453452 -2.7364 -2.767855 -2.563081 -2.125357 -1.46815 -0.5983401 0.4712677 1.73146 3.169562 4.774847 6.534571 8.437056 10.46948 12.61962 14.87466 17.22217 19.64946 22.14415 24.69386 27.28647 29.91003 32.55291 35.20375 37.85156 40.48569 43.09592 45.67246 48.20598 50.68763 53.10906 55.46244 57.74048 59.93643 62.04409 64.05783 65.9726 67.78388 69.48776 71.08086 72.56038 73.92407 75.17021 76.29765 77.30571 78.19425 78.96361 79.6146 80.14847 80.56694 80.8721 81.06646 81.15288 81.13457 81.01505 80.79815 80.48795 80.0888 79.60523 79.04199 78.40399 77.69628 76.92403 76.09249 75.20699 74.2729 73.2956 72.28049 71.23291 70.15819 69.06157 67.94823 66.82322 65.69149 64.55786 63.42697 62.30331 61.19122 60.0948 59.01799 57.96451 56.93785 55.9413 54.97789 54.05045 53.16154 52.3135 51.50841 50.74813 50.03425 49.36815 48.75094 48.18352 47.66654 47.20044 46.78543 46.4215 46.10846 45.84588 45.63316 45.46954 45.35405 45.28557 45.26283 45.28442 45.34879 45.45426 45.59905 45.78129 45.99899 46.25011 46.53252 46.84406 47.18249 47.54556 47.93099 48.33647 48.75971 49.1984 49.65025 50.113 50.58441 51.06229 51.54449 52.02891 52.51352 52.99634 53.47547 53.9491 54.41549 54.87299 55.32003 55.75515 56.17698 56.58425 56.97578 57.3505 57.70746 58.0458 58.36474 58.66365 58.94197 59.19925 59.43514 59.64939 59.84185 60.01245 60.16123 60.28829 60.39385 60.47818 60.54164 60.58466 60.60773 60.61144 60.59639 60.56326 60.5128 60.44577 60.36298 60.26531 60.15362 60.02885 59.89191 59.74378 59.58542 59.4178 59.24192 59.05876 58.8693 58.67451 58.47537 58.27281 58.06778 57.86119 57.65393 57.44686 57.2408 57.03657 56.83493 56.63662
 @vrivas CROSTON |  | ME:  18.69859  | MSE:  1718.037  | RMSE:  41.44921 | MAE mean:  35.51785  | MPE:  29.45595 | MASE:  NA  | ACF1:  NA  | RelRMSE:  NA | MAPE (recalculado):  Inf | MASE (recalculado):  4.057362 | MdAE:  35.97984 | MdAPE:  76.33289 | sMAPE(%):  81.04542 | sMdAPE(%):  65.94029 | MRAE :  Inf | MdRAE:  5.304032 | GMRAE:  Inf | Obtenidas:  63.47984 63.47984 63.47984 63.47984 63.47984 63.47984 63.47984 63.47984 63.47984 63.47984 63.47984 63.47984 63.47984 63.47984 63.47984 63.47984 63.47984 63.47984 63.47984 63.47984 63.47984 63.47984 63.47984 63.47984 63.47984 63.47984 63.47984 63.47984 63.47984 63.47984 63.47984 63.47984 63.47984 63.47984 63.47984 63.47984 63.47984 63.47984 63.47984 63.47984 63.47984 63.47984 63.47984 63.47984 63.47984 63.47984 63.47984 63.47984 63.47984 63.47984 63.47984 63.47984 63.47984 63.47984 63.47984 63.47984 63.47984 63.47984 63.47984 63.47984 63.47984 63.47984 63.47984 63.47984 63.47984 63.47984 63.47984 63.47984 63.47984 63.47984 63.47984 63.47984 63.47984 63.47984 63.47984 63.47984 63.47984 63.47984 63.47984 63.47984 63.47984 63.47984 63.47984 63.47984 63.47984 63.47984 63.47984 63.47984 63.47984 63.47984 63.47984 63.47984 63.47984 63.47984 63.47984 63.47984 63.47984 63.47984 63.47984 63.47984 63.47984 63.47984 63.47984 63.47984 63.47984 63.47984 63.47984 63.47984 63.47984 63.47984 63.47984 63.47984 63.47984 63.47984 63.47984 63.47984 63.47984 63.47984 63.47984 63.47984 63.47984 63.47984 63.47984 63.47984 63.47984 63.47984 63.47984 63.47984 63.47984 63.47984 63.47984 63.47984 63.47984 63.47984 63.47984 63.47984 63.47984 63.47984 63.47984 63.47984 63.47984 63.47984 63.47984 63.47984 63.47984 63.47984 63.47984 63.47984 63.47984 63.47984 63.47984 63.47984 63.47984 63.47984 63.47984 63.47984 63.47984 63.47984 63.47984 63.47984 63.47984 63.47984 63.47984 63.47984 63.47984 63.47984 63.47984 63.47984 63.47984 63.47984 63.47984 63.47984 63.47984 63.47984 63.47984 63.47984 63.47984 63.47984 63.47984 63.47984 63.47984 63.47984 63.47984 63.47984 63.47984 63.47984 63.47984 63.47984 63.47984 63.47984 63.47984 63.47984
 @vrivas THETA |  | ME:  -16.39308  | MSE:  1637.085  | RMSE:  40.4609 | MAE mean:  31.46273  | MPE:  -57.74319 | MASE:  NA  | ACF1:  NA  | RelRMSE:  NA | MAPE (recalculado):  Inf | MASE (recalculado):  3.594127 | MdAE:  23.99892 | MdAPE:  66.39418 | sMAPE(%):  86.11475 | sMdAPE(%):  88.26415 | MRAE :  Inf | MdRAE:  4.721343 | GMRAE:  Inf | Obtenidas:  28.37666 28.37678 28.3769 28.37702 28.37714 28.37726 28.37738 28.37751 28.37763 28.37775 28.37787 28.37799 28.37811 28.37823 28.37835 28.37847 28.37859 28.37871 28.37883 28.37895 28.37907 28.37919 28.37931 28.37943 28.37955 28.37967 28.37979 28.37991 28.38003 28.38016 28.38028 28.3804 28.38052 28.38064 28.38076 28.38088 28.381 28.38112 28.38124 28.38136 28.38148 28.3816 28.38172 28.38184 28.38196 28.38208 28.3822 28.38232 28.38244 28.38256 28.38268 28.38281 28.38293 28.38305 28.38317 28.38329 28.38341 28.38353 28.38365 28.38377 28.38389 28.38401 28.38413 28.38425 28.38437 28.38449 28.38461 28.38473 28.38485 28.38497 28.38509 28.38521 28.38534 28.38546 28.38558 28.3857 28.38582 28.38594 28.38606 28.38618 28.3863 28.38642 28.38654 28.38666 28.38678 28.3869 28.38702 28.38714 28.38726 28.38738 28.3875 28.38762 28.38774 28.38786 28.38799 28.38811 28.38823 28.38835 28.38847 28.38859 28.38871 28.38883 28.38895 28.38907 28.38919 28.38931 28.38943 28.38955 28.38967 28.38979 28.38991 28.39003 28.39015 28.39027 28.39039 28.39052 28.39064 28.39076 28.39088 28.391 28.39112 28.39124 28.39136 28.39148 28.3916 28.39172 28.39184 28.39196 28.39208 28.3922 28.39232 28.39244 28.39256 28.39268 28.3928 28.39292 28.39304 28.39317 28.39329 28.39341 28.39353 28.39365 28.39377 28.39389 28.39401 28.39413 28.39425 28.39437 28.39449 28.39461 28.39473 28.39485 28.39497 28.39509 28.39521 28.39533 28.39545 28.39557 28.39569 28.39582 28.39594 28.39606 28.39618 28.3963 28.39642 28.39654 28.39666 28.39678 28.3969 28.39702 28.39714 28.39726 28.39738 28.3975 28.39762 28.39774 28.39786 28.39798 28.3981 28.39822 28.39835 28.39847 28.39859 28.39871 28.39883 28.39895 28.39907 28.39919 28.39931 28.39943 28.39955 28.39967
 @vrivas MEAN |  | ME:  11.72971  | MSE:  1505.986  | RMSE:  38.80704 | MAE mean:  33.23214  | MPE:  20.75653 | MASE:  NA  | ACF1:  NA  | RelRMSE:  NA | MAPE (recalculado):  Inf | MASE (recalculado):  3.796255 | MdAE:  33 | MdAPE:  60.33879 | sMAPE(%):  79.87752 | sMdAPE(%):  61.5227 | MRAE :  Inf | MdRAE:  5.341528 | GMRAE:  Inf | Obtenidas:  56.51096 56.51096 56.51096 56.51096 56.51096 56.51096 56.51096 56.51096 56.51096 56.51096 56.51096 56.51096 56.51096 56.51096 56.51096 56.51096 56.51096 56.51096 56.51096 56.51096 56.51096 56.51096 56.51096 56.51096 56.51096 56.51096 56.51096 56.51096 56.51096 56.51096 56.51096 56.51096 56.51096 56.51096 56.51096 56.51096 56.51096 56.51096 56.51096 56.51096 56.51096 56.51096 56.51096 56.51096 56.51096 56.51096 56.51096 56.51096 56.51096 56.51096 56.51096 56.51096 56.51096 56.51096 56.51096 56.51096 56.51096 56.51096 56.51096 56.51096 56.51096 56.51096 56.51096 56.51096 56.51096 56.51096 56.51096 56.51096 56.51096 56.51096 56.51096 56.51096 56.51096 56.51096 56.51096 56.51096 56.51096 56.51096 56.51096 56.51096 56.51096 56.51096 56.51096 56.51096 56.51096 56.51096 56.51096 56.51096 56.51096 56.51096 56.51096 56.51096 56.51096 56.51096 56.51096 56.51096 56.51096 56.51096 56.51096 56.51096 56.51096 56.51096 56.51096 56.51096 56.51096 56.51096 56.51096 56.51096 56.51096 56.51096 56.51096 56.51096 56.51096 56.51096 56.51096 56.51096 56.51096 56.51096 56.51096 56.51096 56.51096 56.51096 56.51096 56.51096 56.51096 56.51096 56.51096 56.51096 56.51096 56.51096 56.51096 56.51096 56.51096 56.51096 56.51096 56.51096 56.51096 56.51096 56.51096 56.51096 56.51096 56.51096 56.51096 56.51096 56.51096 56.51096 56.51096 56.51096 56.51096 56.51096 56.51096 56.51096 56.51096 56.51096 56.51096 56.51096 56.51096 56.51096 56.51096 56.51096 56.51096 56.51096 56.51096 56.51096 56.51096 56.51096 56.51096 56.51096 56.51096 56.51096 56.51096 56.51096 56.51096 56.51096 56.51096 56.51096 56.51096 56.51096 56.51096 56.51096 56.51096 56.51096 56.51096 56.51096 56.51096 56.51096 56.51096 56.51096 56.51096 56.51096 56.51096 56.51096
 @vrivas RW |  | ME:  -21.78125  | MSE:  1842.823  | RMSE:  42.92811 | MAE mean:  32.53125  | MPE:  -94.70109 | MASE:  NA  | ACF1:  NA  | RelRMSE:  NA | MAPE (recalculado):  Inf | MASE (recalculado):  3.716189 | MdAE:  21.5 | MdAPE:  69.93336 | sMAPE(%):  90.58412 | sMdAPE(%):  95.45455 | MRAE :  Inf | MdRAE:  4.5 | GMRAE:  NaN | Obtenidas:  23 23 23 23 23 23 23 23 23 23 23 23 23 23 23 23 23 23 23 23 23 23 23 23 23 23 23 23 23 23 23 23 23 23 23 23 23 23 23 23 23 23 23 23 23 23 23 23 23 23 23 23 23 23 23 23 23 23 23 23 23 23 23 23 23 23 23 23 23 23 23 23 23 23 23 23 23 23 23 23 23 23 23 23 23 23 23 23 23 23 23 23 23 23 23 23 23 23 23 23 23 23 23 23 23 23 23 23 23 23 23 23 23 23 23 23 23 23 23 23 23 23 23 23 23 23 23 23 23 23 23 23 23 23 23 23 23 23 23 23 23 23 23 23 23 23 23 23 23 23 23 23 23 23 23 23 23 23 23 23 23 23 23 23 23 23 23 23 23 23 23 23 23 23 23 23 23 23 23 23 23 23 23 23 23 23 23 23 23 23 23 23
