+  cat (" @vrivas ETS NO CONCURSO| ");
+  cat (" @vrivas ETS | ");
+  cat (" @vrivas ARIMA NO CONCURSO | ");
+  cat (" @vrivas ARIMA | ");
+   cat (" @vrivas CROSTON NO CONCURSO| ");
+  cat (" @vrivas CROSTON | ");
+   cat (" @vrivas THETA NO CONCURSO | ");
+  cat (" @vrivas THETA | ");
+   cat ( " @vrivas SPLINE NO CONCURSO | ");
+  cat ( " @vrivas SPLINE | ");
+  cat (" @vrivas MEAN NO CONCURSO | ");
+  cat (" @vrivas MEAN | ");
+  cat (" @vrivas RW NO CONCURSO | ");
+  cat (" @vrivas RW | ");
+  cat (" @vrivas GARCH NO CONCURSO | ");
+   cat( " @vrivas                                 ", aBD, "\n" );
+   cat( " @vrivas NO_Concurso                                ", aBD, "\n" );
 @vrivas NO_Concurso                                 DGT_1011 
 @vrivas MEAN NO CONCURSO |  | ME:  12.19448  | MSE:  9152.501  | RMSE:  95.66871 | MAE mean:  84.68483  | MPE:  8.171789 | MASE:  NA  | ACF1:  NA  | RelRMSE:  NA | MAPE (recalculado):  187.8862 | MASE (recalculado):  4.72257 | MdAE:  90.75935 | MdAPE:  50.0073 | sMAPE(%):  69.22717 | sMdAPE(%):  54.87041 | MRAE :  Inf | MdRAE:  5.93689 | GMRAE:  Inf | Obtenidas:  149.6464 149.6142 149.5745 149.5304 149.4819 149.4232 149.3694 149.3146 149.2615 149.2013 149.1374 149.0768 149.0158 148.9483 148.8847 148.8216 148.7549 148.6888 148.6216 148.5529 148.4881 148.4244 148.3586 148.2934 148.2251 148.1563 148.1011 148.0459 147.9865 147.9255 147.8662 147.8226 147.7931 147.7614 147.7309 147.709 147.7199 147.7319 147.7411 147.7483 147.7693 147.8139 147.8451 147.8907 147.9395 148.0128 148.0941 148.1534 148.2366 148.3332 148.397 148.472 148.5538 148.6175 148.6752 148.7552 148.817 148.8772 148.9362 148.9825 149.0234 149.0446 149.0631 149.0806 149.0418 149.0291 149.0143 149.0153 149.0079 149.0111 149.0111 149.0649 149.1224 149.1666 149.2234 149.2759 149.3537 149.4108 149.48 149.5344 149.5714 149.6105 149.6364 149.6434 149.6378 149.638 149.6429 149.6368 149.6213 149.6027 149.5758 149.5483 149.5162 149.4747 149.4411 149.4018 149.3562 149.3014 149.2586 149.2075 149.1559 149.0966 149.0369 148.985 148.9248 148.8605 148.7959 148.7364 148.6693 148.6017 148.5315 148.4651 148.3951 148.3304 148.2564 148.1836 148.1201 148.0484 147.9815 147.912 147.8503 147.7846 147.7174 147.6564 147.5939 147.5305 147.4697 147.4218 147.3683 147.3308 147.2912 147.2598 147.2234 147.1926 147.1721 147.1404 147.1265 147.1086 147.0907 147.0581 147.0601 147.0606 147.0605 147.0778 147.1062 147.1305 147.1599 147.1816 147.2175 147.2448 147.2948 147.3463 147.4054 147.437 147.4833 147.5164 147.5424 147.5502 147.5555 147.5557 147.5534 147.5486 147.5614 147.5823 147.6051 147.642 147.6799 147.7358 147.7907 147.8455 147.9142 147.9604 148.0456 148.1282 148.2337 148.3367 148.4055 148.4658 148.521 148.5617 148.5943 148.6264 148.6436 148.6368 148.633 148.6117 148.5697 148.5505 148.5224 148.4928 148.4513 148.4094
 @vrivas RW NO CONCURSO |  | ME:  0.1510417  | MSE:  635.974  | RMSE:  25.21852 | MAE mean:  17.85938  | MPE:  -4.164524 | MASE:  NA  | ACF1:  NA  | RelRMSE:  NA | MAPE (recalculado):  20.17109 | MASE (recalculado):  0.9959535 | MdAE:  12.5 | MdAPE:  12.83711 | sMAPE(%):  18.6681 | sMdAPE(%):  13.20726 | MRAE :  NaN | MdRAE:  NA | GMRAE:  NaN | Obtenidas:  87 91 77 69 61 42 51 49 52 39 32 38 37 25 32 33 26 27 25 22 29 31 27 28 22 21 46 46 38 35 38 67 93 89 91 107 168 170 165 161 187 231 206 233 239 285 300 259 304 329 268 289 302 268 257 299 265 262 260 236 226 189 184 182 76 125 121 151 135 155 149 251 258 233 257 249 297 258 281 253 220 224 199 163 139 150 159 138 120 114 98 97 88 70 85 74 62 44 67 51 50 35 34 49 33 25 24 34 19 18 13 20 13 23 5 7 25 9 18 13 28 20 17 29 26 24 29 54 43 74 70 86 76 87 107 85 120 112 112 83 151 148 147 181 203 195 205 190 218 201 246 249 264 210 239 213 199 163 158 148 143 138 173 189 193 221 223 259 257 257 285 240 318 313 359 354 286 269 259 230 214 213 183 135 141 106 64 110 92 89 65 64
 @vrivas ETS NO CONCURSO|  | ME:  0.1098204  | MSE:  635.1082  | RMSE:  25.20135 | MAE mean:  18.16123  | MPE:  -3.435957 | MASE:  NA  | ACF1:  NA  | RelRMSE:  NA | MAPE (recalculado):  18.70514 | MASE (recalculado):  1.012787 | MdAE:  11.49944 | MdAPE:  12.63519 | sMAPE(%):  17.72691 | sMdAPE(%):  12.59272 | MRAE :  Inf | MdRAE:  0.9970304 | GMRAE:  Inf | Obtenidas:  84.23325 84.7857 77.28526 69.63369 61.85059 47.31895 46.73161 45.86044 47.77432 41.16044 34.16181 34.93887 35.02758 28.03291 29.30223 30.73894 27.31103 26.48149 25.02973 22.66688 25.9568 28.78864 27.69544 27.80781 24.23387 22.01178 36.2322 42.76856 40.75776 37.82903 38.19529 55.90024 79.68619 87.80603 92.18165 103.3522 145.0538 164.6905 169.6322 168.3768 182.7823 215.4539 214.3286 229.2672 238.9445 270.5302 293.2766 277.6473 296.7844 320.0509 292.7676 292.146 299.4162 281.7828 266.7145 285.3682 273.4437 266.0746 261.5974 245.1352 231.7382 203.5261 188.0946 180.5981 113.4448 113.3229 112.404 131.5468 131.4808 144.1204 146.5841 210.0156 243.351 242.2395 255.223 255.353 283.9009 272.3351 280.1782 266.0617 238.8848 228.8201 209.1483 178.5303 150.4291 145.3532 149.6941 139.701 124.7565 114.97 101.4562 95.44241 87.94655 74.1867 77.76407 73.34309 64.44822 49.84524 57.77767 52.16833 49.32678 39.20405 34.30044 41.65417 35.56233 28.07628 24.30121 28.99884 22.22815 18.69077 14.23946 16.72508 13.80118 18.74329 10.1283 7.481707 17.45922 12.37202 15.54851 13.99103 22.46502 21.43856 19.02684 25.20697 26.15949 25.26196 27.8188 44.22037 44.84829 63.80067 69.69648 81.71136 80.57186 86.26044 100.6875 93.37518 110.9626 113.7816 114.5491 96.74775 129.9007 143.1533 148.085 170.5591 193.7298 198.6226 206.0309 199.4209 212.8549 208.0733 232.8962 245.6692 260.0174 232.7658 237.3813 223.3708 208.2146 179.3147 163.3677 150.6303 142.5717 136.5769 156.0817 175.4122 186.8168 209.0169 220.0231 246.6126 256.7815 260.5115 278.6079 258.3972 296.4064 310.2399 344.0014 355.3343 317.4375 288.6815 269.2991 242.9614 221.6862 212.2977 190.4702 151.8199 139.1488 113.1651 76.66555 90.19418 86.79467 84.46633 69.40825 62.73591
 @vrivas ARIMA NO CONCURSO |  | ME:  0.8587161  | MSE:  662.8138  | RMSE:  25.74517 | MAE mean:  19.40675  | MPE:  4.239464 | MASE:  NA  | ACF1:  NA  | RelRMSE:  NA | MAPE (recalculado):  24.50707 | MASE (recalculado):  1.082245 | MdAE:  15.99157 | MdAPE:  13.81983 | sMAPE(%):  20.06211 | sMdAPE(%):  14.66423 | MRAE :  Inf | MdRAE:  1.199468 | GMRAE:  Inf | Obtenidas:  93.66873 93.93976 85.37152 77.44424 69.73858 55.298 55.85618 54.80814 56.29891 48.76194 41.80642 43.1053 42.93218 35.43329 37.16318 38.3783 34.4579 33.71194 32.20858 29.82238 33.32709 35.77789 34.14477 34.19271 30.4859 28.57386 43.39909 48.54111 45.36504 42.3998 43.22487 61.47562 83.92392 89.2291 92.30581 103.2839 144.899 160.5705 162.8811 161.1991 176.7417 209.4284 205.2204 220.5231 229.5452 261.2481 281.557 263.0562 284.6616 307.703 277.7006 280.4117 289.4392 271.4234 258.3599 279.9559 266.3046 259.7182 256.2019 240.0805 228.2922 201.2255 188.767 183.2275 115.4031 122.5144 122.4694 141.0959 137.576 148.7895 148.9282 212.3711 238.6777 232.1078 244.8063 244.1885 273.8966 259.7976 269.2946 255.1133 229.673 223.4296 205.7079 177.1803 152.4196 150.8155 155.8801 144.5175 129.4 120.4822 107.4466 102.3635 95.00697 81.25182 85.91529 80.63887 71.36121 56.93735 66.38243 59.60704 56.66601 46.28508 42.11139 50.05874 42.76729 35.2726 32.08332 37.24218 29.62002 26.38654 22.14971 25.07529 21.69027 26.78336 17.25857 15.24954 25.81715 19.41266 22.84826 20.88884 29.59574 27.56196 24.9857 31.60475 31.98578 30.86058 33.5979 50.16218 48.94123 67.90103 71.87708 83.23456 80.86259 86.92496 101.4939 92.72245 111.5909 113.0407 113.5355 95.58884 131.9135 142.4589 145.4535 167.7036 189.071 191.3734 198.4106 191.4406 206.5593 201.1026 227.3476 238.2041 251.3009 222.0246 230.1523 216.6771 203.3197 176.2428 163.8692 153.3951 146.6967 141.2855 161.3318 178.1805 186.4281 206.7678 214.9512 240.297 247.6734 250.1833 268.6046 246.6443 288.0801 299.0799 331.6912 339.6627 299.6817 275.3896 260.8696 237.7219 219.8257 213.1472 192.0338 154.6988 145.8726 120.8701 85.97108 103.2287 97.69302 93.93931 77.55911 71.41209
 @vrivas THETA NO CONCURSO |  | ME:  0.2346324  | MSE:  669.3005  | RMSE:  25.87084 | MAE mean:  19.00642  | MPE:  -2.047321 | MASE:  NA  | ACF1:  NA  | RelRMSE:  NA | MAPE (recalculado):  20.10636 | MASE (recalculado):  1.05992 | MdAE:  13.90272 | MdAPE:  13.71545 | sMAPE(%):  18.57067 | sMdAPE(%):  13.15339 | MRAE :  Inf | MdRAE:  1.063312 | GMRAE:  Inf | Obtenidas:  90.97589 91.00002 82.17023 73.86499 65.75074 50.76112 50.92037 49.71606 51.16647 43.49203 36.24275 37.36029 37.14052 29.48154 31.07943 32.29964 28.32876 27.49681 25.92713 23.4541 26.96306 29.51902 27.93484 27.98243 24.21091 22.18945 37.23269 42.77477 39.76546 36.76192 37.54944 56.15274 79.43905 85.48665 88.97765 100.3744 143.148 160.1619 163.2291 161.8238 177.763 211.4889 208.0151 223.8462 233.4564 266.1265 287.6274 269.4805 291.3677 315.236 285.3101 287.6537 296.7489 278.5455 264.9038 286.5061 272.895 266.0038 262.21 245.6173 233.1962 205.1937 191.7569 185.5749 116.0317 121.7389 121.2773 140.1423 136.8867 148.3861 148.7818 213.6506 241.8904 236.2441 249.4433 249.1691 279.5833 265.8713 275.4928 261.21 235.0257 228.0237 209.5735 179.9453 153.8703 151.4097 156.252 144.6359 128.9514 119.4343 105.7821 100.1949 92.42913 78.14038 82.5201 77.09696 67.48178 52.52032 61.75726 54.90785 51.78666 41.09406 36.57923 44.5027 37.17765 29.42229 25.97188 31.09538 23.39213 19.9613 15.53022 18.38497 14.95837 20.08953 10.47716 8.266197 18.9369 12.60899 16.0496 14.111 22.96706 21.08085 18.48473 25.19044 25.71071 24.62474 27.41719 44.36216 43.49806 62.94372 67.44636 79.27705 77.19252 83.449 98.46898 89.88531 109.0884 110.9468 111.6217 93.38213 130.097 141.513 145.0151 167.9573 190.314 193.3084 200.7713 193.9036 209.2773 204.0014 230.7898 242.4186 256.1981 226.7335 234.5605 220.8145 206.9065 178.8896 165.5564 154.3466 147.1029 141.2928 161.5432 179.0835 187.9806 209.0836 217.9811 244.2213 252.4011 255.3483 274.3231 252.3755 294.3255 306.2764 340.0242 348.9791 308.6974 283.297 267.7396 243.5648 224.6124 217.171 195.2603 156.5763 146.5711 120.4977 84.14535 100.7833 95.14222 91.19769 74.3592 67.70332
