5
#n time_relat_102	time_relat_112	time_relat_122	time_relat_132	time_relat_142
0.43748901	0.357481976	0.121681027	0.031123615	0.052224371
0	1	0	0	0
1	0	0	0	0
0	1	0	0	0
0.42160383	0.482944345	0	0.031717534	0.063734291
0	0	0	0.5	0.5
0	0	0	1	0
0	0.974691759	0	0.024789098	0.000519143
0	0	0	1	0
0.812785388	0.187214612	0	0	0
0	0	0	0	1
0.304534478	0.286557553	0.148645023	0.1089348	0.151328146
0.032763533	0.251780627	0.71545584	0	0
0.469380593	0.130724689	0.399894718	0	0
0.967884828	0	0	0	0.032115172
0.034307497	0.950444727	0	0.015247776	0
0.662529353	0.337470647	0	0	0
0	0	0	1	0
1	0	0	0	0
0.410845588	0.470036765	0.065441176	0.026838235	0.026838235
0	1	0	0	0
0	0.873411286	0	0.091509914	0.0350788
0	0	0	1	0
0	1	0	0	0
0.025908739	0.918986852	0	0.038476411	0.016627997
0	0.453699395	0	0	0.546300605
0.111514858	0.594718992	0.206556848	0.034399225	0.052810078
0	0	0	1	0
0.229068503	0.769481696	0	0	0.001449801
0.720481928	0	0	0.036144578	0.243373494
0	0.823126664	0	0.176873336	0
0.06350185	0.254623921	0.681874229	0	0
0.084767368	0.892288082	0.022944551	0	0
0.410983435	0.114311297	0	0.291001343	0.183703925
0	0.778611632	0.01988743	0.001876173	0.199624765
0.287860577	0.676081731	0.036057692	0	0
1	0	0	0	0
0	0.090787717	0	0.671562083	0.2376502
0.074273907	0.722993916	0	0.071748364	0.130983814
0.004594181	0.096988259	0	0.083205717	0.815211843
0.027726856	0.944546288	0	0	0.027726856
0.132195962	0.268524026	0.111660667	0.208733761	0.278885585
9.92556E-05	0.57280397	0.333002481	0.036724566	0.057369727
0.685502792	0.293744424	0.020752784	0	0
0.107526882	0.086021505	0.322580645	0.322580645	0.161290323
0	0.706864177	0.013144169	0.101189234	0.17880242
0	0.997757848	0.002242152	0	0
0.079365079	0.763227513	0.135582011	0	0.021825397
0	0.156552169	0.843447831	0	0
0.107125307	0.745945946	0	0	0.146928747
0	1	0	0	0
0	1	0	0	0
0.865784499	0.082797732	0	0.017013233	0.034404537
0	0	0	1	0
0	0	0	1	0
0	0.241857982	0.237266418	0.006193273	0.514682328
0.64520012	0.17062895	0	0.091483599	0.092687331
0.002062919	0.933127041	0	0.031115695	0.033694344
0	0	0	1	0
0.016542373	0.84840678	0.135050847	0	0
0.991247265	0.005105762	0	0	0.003646973
0.315587267	0.435510428	0.145307355	0.027991218	0.075603732
0	0.93469657	0.001539138	0.031882146	0.031882146
1	0	0	0	0
0.211204482	0.075070028	0.532212885	0.068347339	0.113165266
0.007182941	0.664197531	0.328619529	0	0
0	0.838265306	0.034693878	0.046173469	0.080867347
0	0	0	0.806619256	0.193380744
0	0.88222559	0	0	0.11777441
0.010668855	0.386130488	0	0.071399261	0.531801395
0.04201005	0.845025126	0	0.029949749	0.083015075
0.248565966	0.506692161	0	0.122370937	0.122370937
0.200517769	0.799482231	0	0	0
0.302469136	0.502057613	0.189300412	0.002743484	0.003429355
0.305871212	0.532386364	0	0	0.161742424
0.405797101	0.594202899	0	0	0
0.178100264	0.233886167	0.029966076	0.103090841	0.454956653
0.08108625	0.553451903	0.03480589	0.141709696	0.188946261
0.058236273	0	0	0.828618968	0.113144759
1	0	0	0	0
0	0.197873273	0.736132427	0.032120149	0.03387415
0	0.929754426	0.034266134	0	0.03597944
0	0.543350432	0.456649568	0	0
0	0	0	1	0
0	0	0	1	0
0.057840617	0.583547558	0	0	0.358611825
0	0.53311216	0.447620263	0.019267577	0
0	0.584976526	0.149295775	0.141784038	0.123943662
0.00452971	0.185584865	0.79616307	0.009325873	0.004396483
0.07606679	0.92393321	0	0	0
0.364583333	0	0	0.270833333	0.364583333
0.281725888	0.714213198	0.004060914	0	0
1	0	0	0	0
0.50877193	0	0	0.49122807	0
0.182372113	0.411033962	0.369420434	0.016532049	0.020641443
0	0	1	0	0
0	0.759361393	0.113788099	0.044412192	0.082438316
0.420572917	0	0	0.268229167	0.311197917
0	0	0	0	1
0.063218391	0	0	0.867816092	0.068965517
0.41125009	0.174607765	0.19947943	0.051189357	0.163473357
0	0	0	1	0
0.001773292	0.862365298	0.02673578	0.044332288	0.064793343
0.562171629	0.437828371	0	0	0
0.036604252	0.364634661	0.034210897	0.078980712	0.485569478
0	0.804143126	0	0.013182674	0.1826742
0	0.448273661	0.030059353	0.221456379	0.300210607
0.03291776	0.41776028	0.063867017	0.162510936	0.322944007
0	0	0	0.39484127	0.60515873
0	0	0	0.537221796	0.462778204
0	1	0	0	0
1	0	0	0	0
0.002911618	0.90729783	0.081055696	0.002911618	0.005823237
0.096692966	0.296625818	0.143528622	0.148564714	0.31458788
0.110674588	0.190206976	0.057301648	0.263510924	0.378305864
0	0	0	1	0
0	0.978901099	0	0	0.021098901
0	0	0	1	0
0	0	0	1	0
0.019391635	0.43878327	0.15513308	0.022813688	0.363878327
1	0	0	0	0
0	0.749879981	0	0	0.250120019
0.004225817	0.785407725	0	0.065434137	0.144932321
0.000755043	0.531334268	0.464962428	0.002480854	0.000467407
0	0.898467433	0	0.090038314	0.011494253
0.051224388	0.133058471	0.786606697	0.004997501	0.024112944
0.986666667	0	0	0	0.013333333
0	0.710742521	0.214230352	0.028987754	0.046039374
0.014010508	0.534150613	0.1558669	0	0.295971979
0.019151847	0.765389877	0	0.087209302	0.128248974
0	0.970267592	0	0	0.029732408
0.858115778	0.000756716	0.141127507	0	0
0	0	0	1	0
0.824869483	0	0.175130517	0	0
0	0	0	1	0
0.000289939	0.659321542	0	0.01304726	0.327341258
0.341672378	0.60740233	0	0.004729267	0.046196025
0.268965517	0.731034483	0	0	0
0.084667165	0.271353777	0.047569185	0.100074794	0.496335079
0.131227475	0.368666525	0.370574518	0.015263939	0.114267543
1	0	0	0	0
0	0.852459016	0.147540984	0	0
1	0	0	0	0
0	0	0	1	0
0.046583851	0.730590062	0.222826087	0	0
0	0.767387493	0.091759205	0	0.140853302
0	0.572463768	0.427536232	0	0
0.078026906	0.006576981	0.76083707	0	0.154559043
0.302356021	0.697643979	0	0	0
1	0	0	0	0
0.087884126	0.746134273	0.095517714	0	0.070463887
0	0	0	1	0
0.912521441	0	0	0.087478559	0
0	0.004395897	0.995604103	0	0
1	0	0	0	0
0.003624979	0.943977591	0	0.027187346	0.025210084
0.207064555	0.792935445	0	0	0
0.072522983	0	0	0.927477017	0
0.073375262	0.914046122	0.012578616	0	0
0.014362657	0.921962896	0.01101137	0.013165769	0.039497307
0.009577603	0.86910609	0.00589391	0.057711198	0.057711198
0	1	0	0	0
1	0	0	0	0
0.151811386	0.797584819	0.050603795	0	0
0	0.202072539	0.622913069	0	0.175014393
0	1	0	0	0
0.48865372	0.490835697	0	0	0.020510583
1	0	0	0	0
0	0	0	1	0
0	0	0	1	0
0	0.914267016	0.085732984	0	0
0.200099387	0.039423555	0	0	0.760477058
0	1	0	0	0
0	0.091512565	0	0	0.908487435
0.000137334	0.413445032	0.058504429	0.028702877	0.499210328
0.774475524	0	0	0.113636364	0.111888112
0	0	0	1	0
0	0	0	1	0
0	0.571568388	0	0.05725471	0.371176902
0	0.623476721	0.376523279	0	0
0	0.765545362	0.234454638	0	0
0	0	0	0.774483378	0.225516622
0	0	0	0.62962963	0.37037037
0	0.307824888	0	0.257583592	0.43459152
0	0	0	0.749253731	0.250746269
0.005260851	0.992985533	0.001753617	0	0
0	0	0	1	0
0.045771302	0.868546088	0	0.038169148	0.047513462
0	0.097352426	0.854228907	0.032450809	0.015967858
0	0	0	1	0
0.054772835	0.945227165	0	0	0
0	0	1	0	0
0	1	0	0	0
0	0	0	1	0
0.235294118	0	0	0.305882353	0.458823529
0.032476802	0.577444682	0.389364739	0.000713776	0
0	0	0	0.936026936	0.063973064
0.018088871	0.427447896	0	0.044828942	0.50963429
0.016971494	0.762563849	0.192453452	0.020761246	0.007249959
0.121387904	0.654420453	0.127618434	0.045762166	0.050811043
0	0.228132712	0.559912257	0	0.211955032
0	0	0	1	0
0	0	0	1	0
0	0	0	0.559734513	0.440265487
0.051297772	0.441446965	0.254649499	0.088289393	0.16431637
0	0.584620233	0.415379767	0	0
0	0	0	1	0
0	0	0	1	0
1	0	0	0	0
0	0	0	0.868895733	0.131104267
0	0.011684518	0.007789679	0	0.980525803
0	0	1	0	0
0.02175424	0.856686127	0.104045038	0.008757298	0.008757298
0.062490146	0.607505124	0.097177695	0.031902034	0.200925001
0.860215054	0	0	0.139784946	0
0	0.982788296	0.017211704	0	0
0.363453815	0.636546185	0	0	0
0.037069215	0.905589343	0	0	0.057341442
0.197247706	0.056574924	0	0.022324159	0.723853211
0.485812286	0.514187714	0	0	0
0	1	0	0	0
0	0	0	0	1
0	0.844530103	0.11123348	0.022026432	0.022209985
0.183962264	0.514150943	0.301886792	0	0
0	0.584502746	0.415497254	0	0
0	0.757909656	0.223436357	0	0.018653987
0	0.027267338	0	0.853191069	0.119541593
0.048788927	0.537024221	0.105536332	0.023875433	0.284775087
0	0.745192308	0	0.254807692	0
1	0	0	0	0
0	0	0	1	0
1	0	0	0	0
0	1	0	0	0
0.006346894	0.172926855	0	0.005410467	0.815315784
0.032496307	0	0	0.797932053	0.16957164
0	1	0	0	0
0.020023361	0.643917904	0	0.026530953	0.309527782
0.176257363	0.467301012	0.041383477	0.090469718	0.224588431
0	0	0	0.886446886	0.113553114
0.006302521	0.993697479	0	0	0
0.214759536	0	0	0.76119403	0.024046434
0.011190138	0.019124388	0	0.52862336	0.441062115
0	0	0	1	0
1	0	0	0	0
0.301449606	0.566373702	0	0.048168017	0.084008675
0.007971014	0.992028986	0	0	0
0	0	0	1	0
0	0.774687065	0.0945758	0.130737135	0
0.948957584	0	0.040258807	0	0.010783609
0	0.637389868	0.325991189	0	0.036618943
0	0	0	1	0
0	0	0	1	0
0	0.022624434	0.006334842	0.514932127	0.456108597
0.132673267	0.23960396	0	0.07359736	0.554125413
0	1	0	0	0
0.919212963	0.032175926	0	0.023148148	0.025462963
1	0	0	0	0
0.046825397	0.753174603	0	0.025	0.175
0	1	0	0	0
0.014416776	0.197247706	0.053735256	0.127785059	0.606815203
0	0	0	0.653907496	0.346092504
0	0.314226258	0.685773742	0	0
0	0.671191901	0.258628624	0.014265992	0.055913484
0	0.39231547	0.60768453	0	0
0.042561229	0.62028584	0.051942328	0.056853239	0.228357363
0	0	0	1	0
0	0.066902794	0	0.597796143	0.335301063
1	0	0	0	0
0	0	0	1	0
0.010125301	0.137830654	0	0.368181243	0.483862802
0	0.456992866	0.42737919	0	0.115627945
0	0.616043881	0.200205691	0	0.183750429
0	0	0	1	0
1	0	0	0	0
0.065400844	0	0	0.451476793	0.483122363
0	0.50636831	0.472481888	0.010574901	0.010574901
0.048990363	0.623795319	0.133031207	0.069412575	0.124770537
0.03869969	0.799793602	0	0	0.161506708
0	0	0	1	0
0	0.022408964	0.198879552	0.246498599	0.532212885
0	0.346980787	0.002516011	0.061756633	0.588746569
0	0	0	1	0
0.00886484	0.679484227	0	0	0.311650933
0.66180758	0.189504373	0	0	0.148688047
0	0	0	1	0
0.111641221	0.493877226	0.305979644	0.003975827	0.084526081
0	0	0	1	0
1	0	0	0	0
1	0	0	0	0
0	1	0	0	0
0	0	0	1	0
0.576190476	0.395238095	0	0	0.028571429
0.251504024	0.461051645	0.232440034	0.020939136	0.034065161
0.67392832	0.018973999	0	0.304989459	0.002108222
0	0.572453826	0.427546174	0	0
0.14666781	0.655030449	0.118792349	0.000343083	0.079166309
0	0	0	1	0
1	0	0	0	0
1	0	0	0	0
0	0	0	1	0
0.062122635	0.249698108	0	0.29397558	0.394203676
1	0	0	0	0
0.209803922	0.388532383	0.322043969	0.027153892	0.052465835
0	0	0	1	0
0	0	1	0	0
0	0.516584767	0.428593366	0.013743857	0.04107801
1	0	0	0	0
0.112279823	0.753819184	0.108690208	0	0.025210786
0	1	0	0	0
0.390911438	0.353989156	0.008520527	0.043893623	0.202685257
0	0	0	1	0
0	0.310810811	0.063063063	0.313063063	0.313063063
0.39008	0	0	0.3808	0.22912
0	1	0	0	0
0.040178571	0	0	0.136160714	0.823660714
0	0.760776477	0.169283471	0.034970026	0.034970026
0.132803632	0.776958002	0	0.090238365	0
0	1	0	0	0
0	0	0	0.5	0.5
0.044124477	0.461333024	0.0204366	0.126915931	0.347189967
0	0.643848731	0.341550981	0	0.014600287
1	0	0	0	0
0	0.160472973	0.839527027	0	0
0	0.532397815	0.467602185	0	0
0	0.982319392	0	0.007794677	0.009885932
0	0	0	0.929078014	0.070921986
0	0	0	0	1
0.586573354	0.412389839	0.001036807	0	0
0	1	0	0	0
0.007704655	0.182985554	0	0.43964687	0.369662921
0.010014306	0.432761087	0	0.095851216	0.461373391
0	0	0	1	0
0.103809857	0.452638937	0	0.11814051	0.325410696
0	0.903722504	0	0.00321489	0.093062606
0.415562515	0.535112021	0.049325464	0	0
0	0.974167873	0.015629522	0	0.010202605
0	0	0	1	0
0	0	0	1	0
0.081411126	0.458955224	0.327679783	0.036295794	0.095658073
1	0	0	0	0
0	0	0	0.5	0.5
0.000479954	0	0.078680447	0.532076921	0.388762679
0	0.245930488	0.252089749	0.125384954	0.376594809
0.982758621	0	0	0.017241379	0
0.086710092	0.482615684	0.26342949	0.057101768	0.110142966
0.546103066	0.29770017	0.005110733	0.02991908	0.121166951
0.159133358	0	0	0.201905118	0.638961524
0.049003322	0	0	0.452657807	0.49833887
0	0	0	1	0
0	0.828282828	0.171717172	0	0
0.016348774	0	0.436875568	0	0.546775658
0.008552373	0.549862691	0.026520204	0.059945077	0.355119655
0.000203004	0.32501015	0	0	0.674786845
0.317073171	0	0	0.682926829	0
0	0.383458647	0	0.616541353	0
0.014204545	0.887310606	0	0	0.098484848
0.33011849	0.106089832	0.430421604	0	0.133370074
0.292031098	0.38483965	0	0.153547133	0.169582119
1	0	0	0	0
0.069478654	0.894499179	0.013752053	0.009544335	0.01272578
0	0.427207637	0.572792363	0	0
0	0	0	1	0
0	0.997361478	0.002638522	0	0
0	0.530349014	0.469650986	0	0
0	0	0	1	0
0.019978721	0.375812744	0.050951649	0.090199787	0.463057099
1	0	0	0	0
0	1	0	0	0
0	0.904749728	0.095250272	0	0
0.078313253	0.716404078	0.205282669	0	0
0	0.86443662	0.129107981	0.006455399	0
0	0	0	1	0
0.101433297	0.628996692	0.054024256	0.002480706	0.21306505
0	0	0	1	0
0	0	0	1	0
0	0	0	1	0
0	1	0	0	0
0	1	0	0	0
0	0	0	0.710059172	0.289940828
0.093171472	0.868588771	0.038239757	0	0
1	0	0	0	0
0	0.071304348	0	0.03826087	0.890434783
0	0.82387022	0.17612978	0	0
0	0.994056848	0	0.005943152	0
0.270553064	0.729446936	0	0	0
0	0.84508547	0.15224359	0	0.00267094
1	0	0	0	0
1	0	0	0	0
0	0.97712704	0.002185315	0	0.020687646
0.169886501	0.548901232	0.249577397	0.015817435	0.015817435
0.174055829	0	0.819376026	0	0.006568144
0.474970896	0.037252619	0.062863795	0.272409779	0.15250291
1	0	0	0	0
0	0.849368319	0	0.023517979	0.127113703
0	0.342311034	0.639443962	0.018245004	0
0	0.411264612	0.408076514	0.004250797	0.176408077
0	0.49562549	0.048772525	0.20912771	0.246474275
0	0.9547289	0	0	0.0452711
0.265625	0.376488095	0.26264881	0.066964286	0.02827381
1	0	0	0	0
0	0	0.911167513	0.088832487	0
0	0.411764706	0	0.588235294	0
0.139567836	0.75203684	0.007084662	0	0.101310662
1	0	0	0	0
1	0	0	0	0
0	1	0	0	0
0.060547814	0.72200865	0.173954829	0.030514176	0.012974531
1	0	0	0	0
0	0.601754036	0.398245964	0	0
0.003229974	0.711886305	0.020241171	0.125753661	0.138888889
0	1	0	0	0
0	0	0	1	0
0	0	1	0	0
0.361809045	0.34840871	0.279731993	0.010050251	0
0	0	1	0	0
0.02488786	0.245695268	0.330053538	0.066415859	0.332947475
0	1	0	0	0
0.158055175	0.841944825	0	0	0
0.294993599	0.31891382	0.277272421	0.001280237	0.107539923
0	0.550205386	0.357827476	0	0.091967138
0	0.090258752	0.870928463	0	0.038812785
0.053319058	0.322055675	0.339186296	0.104925054	0.180513919
0	0	0.749482402	0.250517598	0
0	0	0	1	0
0	0	0	1	0
0	1	0	0	0
0	1	0	0	0
1	0	0	0	0
0.028900968	0.646824871	0.280790137	0.020151134	0.023332891
0	0	0	1	0
1	0	0	0	0
0	1	0	0	0
0	0	0	1	0
0	0	0	0.804386911	0.195613089
0.08851017	0.490379329	0.304343046	0.009675646	0.107091809
0	0	0	1	0
0.840909091	0.159090909	0	0	0
1	0	0	0	0
0.092718569	0.899974805	0	0	0.007306626
1	0	0	0	0
1	0	0	0	0
0.986885246	0	0	0	0.013114754
0.069735643	0.581586144	0	0.288058341	0.060619872
1	0	0	0	0
0	0	0	1	0
0.001247401	0.324561925	0.577071577	0.021502822	0.075616276
0.465934066	0.472527473	0	0.030769231	0.030769231
0	0	0	1	0
0	0.674593242	0.325406758	0	0
0	0	0	1	0
0.336363636	0.554545455	0	0.0075	0.101590909
0.045168539	0.660449438	0.119775281	0.066966292	0.107640449
0	0.806927458	0.082905424	0.012510503	0.097656615
0.103773585	0	0	0.594339623	0.301886792
0.020401224	0.667800068	0	0	0.311798708
1	0	0	0	0
0.073679333	0.910101946	0.016218721	0	0
0	0	0	0.908396947	0.091603053
0	0.933477107	0	0.040228932	0.026293962
0.064458225	0.673302872	0.106070496	0	0.156168407
0	0.860848337	0.120842234	0.018309429	0
0	0	0	0.986363636	0.013636364
0	0.6314258	0	0.221629486	0.146944714
0.991876523	0	0	0.004061738	0.004061738
0	0.078341014	0.921658986	0	0
0	0	0	1	0
0	0	0	1	0
0.966535433	0	0	0	0.033464567
0.193469388	0.431020408	0.375510204	0	0
0.081695967	0.608066184	0	0	0.310237849
0	0.994305482	0	0	0.005694518
0	0.239109848	0	0	0.760890152
0.81369863	0.18630137	0	0	0
0	0	0	1	0
1	0	0	0	0
0	0	0	1	0
0.126876602	0.453130721	0.257781033	0.006774075	0.155437569
0	0	0	1	0
0.033333333	0	0	0.166666667	0.8
0.631356826	0.0042203	0	0	0.364422874
0.451268358	0.282599021	0	0.089452603	0.176680018
0	0.61325171	0.371984156	0.014764134	0
0.186813187	0.720565149	0	0.070643642	0.021978022
0.236248516	0.107241789	0.304313415	0.065690542	0.286505738
0.99713056	0	0	0	0.00286944
0.265354331	0.624409449	0.11023622	0	0
0.373915401	0.529284165	0	0.096800434	0
0	0.372316802	0.08623242	0.176535899	0.364914878
1	0	0	0	0
0.196581197	0.803418803	0	0	0
0.006196518	0.460017704	0.507819416	0	0.025966362
0	1	0	0	0
0.306580259	0.474077767	0.177966102	0	0.041375872
0.131206586	0	0.089014664	0.140468227	0.639310522
0.404474812	0.547293676	0	0	0.048231511
0	0	0	1	0
0.033682873	0.764749497	0.16703739	0.029446033	0.005084207
0.086145462	0.547264724	0.366589813	0	0
0	0	0	1	0
0	0	0	1	0
0.429535953	0.225375886	0	0.07798177	0.267106391
0.002506789	0.209734698	0.599540422	0	0.188218091
0	0.186642881	0	0.476753261	0.336603858
1	0	0	0	0
0	0	0	1	0
1	0	0	0	0
0.195255474	0.09169708	0	0.273722628	0.439324818
0	1	0	0	0
0	0	0	1	0
0	0.940726105	0	0.029636947	0.029636947
1	0	0	0	0
0	0.810855811	0	0.014985015	0.174159174
0	0.804676754	0	0	0.195323246
1	0	0	0	0
0	0.980756813	0	0.019243187	0
0	0	0	0.82133995	0.17866005
0	0	0	0	1
0	0.635509516	0.309082149	0.024090581	0.031317755
0.926460114	0.030448718	0	0.013176638	0.02991453
0.488997555	0	0	0	0.511002445
0.096121417	0	0	0.362563238	0.541315346
0.19826125	0.325277489	0.05385751	0.180326972	0.242276778
0	0.336134454	0.441176471	0	0.222689076
0	1	0	0	0
0.115845539	0	0	0.868175766	0.015978695
0.006048066	0.139423842	0.854528092	0	0
0.775648516	0	0	0.046038794	0.17831269
1	0	0	0	0
0.205555556	0.098148148	0	0.299074074	0.397222222
0	0.628136201	0.371863799	0	0
0	0.94956795	0	0.012411626	0.038020424
0	0	0	1	0
0.0108252	0.43176575	0.514108252	0	0.043300799
0.312465064	0.687534936	0	0	0
0.356741573	0	0	0	0.643258427
0	0	0	1	0
0	0	0	1	0
0	0.341856693	0.028623223	0.228794962	0.400725122
0	0.450867881	0.040166404	0.058528188	0.450437527
0.415941365	0.387998168	0.016032982	0.075584059	0.104443426
0	1	0	0	0
0	0	0	1	0
1	0	0	0	0
0.784841076	0	0	0	0.215158924
0	0.044795784	0	0.179183136	0.77602108
0	0.894230108	0	0	0.105769892
0	0.826035503	0.134234996	0	0.039729501
0.110864335	0.742550435	0	0.061447344	0.085137886
0.012596221	0.906578027	0	0.00139958	0.079426172
0.157575758	0	0	0.421212121	0.421212121
0	0	0	1	0
0	0	0	1	0
0.623306233	0	0	0.376693767	0
0	0.793637712	0.203560244	0.002802044	0
0.133101132	0.687523324	0	0.025625078	0.153750466
1	0	0	0	0
0	0.924494649	0.001070155	0.022116528	0.052318668
0.426478873	0	0	0.122253521	0.451267606
0	0	0.332755633	0.277989601	0.389254766
0	0	0	0.99380805	0.00619195
0	0.362166532	0.637833468	0	0
0	1	0	0	0
0	0.93915287	0.059772092	0.001075038	0
1	0	0	0	0
0.004909561	0.912661499	0	0.082428941	0
0	0.860215054	0.139784946	0	0
0.030396175	0.668203552	0.018784153	0.055327869	0.227288251
1	0	0	0	0
1	0	0	0	0
0.648055357	0.213552851	0	0.03722262	0.101169172
0.065604499	0.298165752	0	0.091042978	0.545186772
0.124611399	0	0.797150259	0	0.078238342
0	0.997457854	0.002542146	0	0
0	0	0	0.959453504	0.040546496
0.904283802	0	0	0	0.095716198
0.201716738	0.708154506	0.090128755	0	0
0.000159033	0.305343511	0.694497455	0	0
0	0.248814845	0.044155492	0.0365705	0.670459163
1	0	0	0	0
0	0	0	1	0
0	0	0	0.80712424	0.19287576
0	0.948992713	0	0	0.051007287
0	0.473031026	0.440572792	0	0.086396181
0.977272727	0	0	0.022727273	0
0	0	0	1	0
0	0.994278449	0	0.005721551	0
0	0.757559958	0	0.088112617	0.154327424
0.003968648	0.640242088	0.213215597	0.007143566	0.135430102
0.030088496	0	0	0	0.969911504
0.253198653	0.746801347	0	0	0
0.000710732	0.572613125	0.323146174	0	0.103529969
0.055769905	0.44510698	0	0.042090495	0.45703262
0	0	0	1	0
0.037522721	0.058556219	0.082446118	0.293949623	0.527525318
0	0.412474012	0.106444906	0	0.481081081
0	0.761826183	0.180555556	0.009832233	0.047786029
0	0	0	0.208888889	0.791111111
0	0.792897498	0.113640032	0	0.09346247
1	0	0	0	0
0	0	0	0.5	0.5
1	0	0	0	0
1	0	0	0	0
0.033333333	0.763565891	0	0	0.203100775
1	0	0	0	0
0	1	0	0	0
0.040009641	0.613882863	0.259098578	0.036635334	0.050373584
0	0	0	0.171875	0.828125
0.5	0	0	0	0.5
0	0.482824002	0.020633504	0	0.496542494
0	0.298818624	0	0	0.701181376
0.142857143	0	0	0.571428571	0.285714286
0	0.7205728	0.270430349	0.008996851	0
1	0	0	0	0
0.137539734	0.254332297	0.105068872	0.206856479	0.296202618
1	0	0	0	0
1	0	0	0	0
0.032566555	0.729904368	0	0.122770742	0.114758335
0	0.472522198	0.522918167	0	0.004559635
1	0	0	0	0
0	1	0	0	0
0	0.901345845	0.056426719	0.014199284	0.028028152
0	0.798580302	0.054520359	0	0.146899339
0.175645756	0.742107421	0.003526035	0.01098811	0.067732677
0.939271255	0.060728745	0	0	0
1	0	0	0	0
0	0.811703171	0.188296829	0	0
0.002963451	0.429832071	0.073230161	0.079618044	0.414356273
0	1	0	0	0
0	0	0	1	0
0	0	0	1	0
0.005978477	0.994021523	0	0	0
0.026526835	0.350092535	0.623380629	0	0
0	0.534812287	0.259385666	0.018088737	0.187713311
0	0	0	0	1
0.095164246	0.36937826	0.204144932	0	0.331312562
0.00137931	0.904551724	0.018574713	0.039172414	0.036321839
0	0	0	0.450867052	0.549132948
0	0.794505887	0.111666072	0.079914377	0.013913664
0.053398058	0	0	0.45631068	0.490291262
0	0	0	1	0
0.008686111	0.064825821	0.899332541	0.010880497	0.01627503
0	0	0	1	0
0	0.844	0.079647059	0.012705882	0.063647059
0.171737661	0.518593644	0	0.148749155	0.16091954
0	0	0	1	0
0.367713004	0.632286996	0	0	0
0	0.954453441	0.045546559	0	0
0.229110512	0	0	0.212938005	0.557951482
0	0	0	0	1
0.021568627	0	0	0.476470588	0.501960784
0	0.939077237	0	0.030333928	0.030588835
0	0.802832137	0.072376832	0.062641361	0.062149671
0.50935219	0.219434307	0.122490876	0.036040146	0.112682482
0	0	0	0.480861244	0.519138756
0.008601465	0.822554954	0	0.085855368	0.082988213
0	1	0	0	0
0.009408602	0.745967742	0.244623656	0	0
0	0.983623337	0.004094166	0	0.012282497
0.015570934	0.433823529	0.28416955	0.220155709	0.046280277
0.526984127	0	0	0	0.473015873
0	0	0	1	0
0.113427562	0.813780919	0.072791519	0	0
0	0.925359712	0	0.074640288	0
0	0.851538366	0	0.063944149	0.084517484
0	1	0	0	0
0.42869379	0.188543897	0.034475375	0.033190578	0.31509636
0	0	0	1	0
0	1	0	0	0
0.019470405	0.325545171	0	0.306074766	0.348909657
1	0	0	0	0
0.166069295	0.603743528	0.118677818	0.043807248	0.067702111
0.008207311	0	0	0.479443727	0.512348963
0	0	0	0.020408163	0.979591837
0.109814143	0.702969175	0.14505893	0.018019039	0.024138713
0.005109183	0.807950728	0.094764838	0.035764278	0.056410974
0.041773421	0.280271806	0.527681854	0.028405926	0.121866993
0.352173913	0.647826087	0	0	0
0.890821836	0	0	0.072585483	0.036592681
0	1	0	0	0
0.189661449	0.296687295	0.147918942	0.03264167	0.333090644
0.006646726	0.984712529	0	0.008640744	0
0.754166667	0.245833333	0	0	0
0	0.534883721	0.465116279	0	0
0.064961671	0.911247687	0	0.007930214	0.015860428
0.028879579	0.890988502	0	0.03502986	0.045102059
0	0	0	0.902360944	0.097639056
0	0	1	0	0
0	0	0	1	0
0.010413885	0.445660881	0	0.038184246	0.505740988
0	1	0	0	0
0	0.146683673	0.335459184	0	0.517857143
0	0	1	0	0
0	0	0	0.710691824	0.289308176
0.092958724	0.297433229	0.012140132	0.017863337	0.579604579
0	0	0	1	0
0	0	0	1	0
0.009775399	0.360642383	0.017688816	0.026882346	0.585011056
0	1	0	0	0
1	0	0	0	0
1	0	0	0	0
0	0.583463339	0.416536661	0	0
0	0	0	1	0
0.979185939	0	0	0	0.020814061
1	0	0	0	0
0.241947291	0.624267936	0.133784773	0	0
0	0	0	0.426285714	0.573714286
1	0	0	0	0
0	0	0	1	0
0	0.818154312	0	0.018154312	0.163691377
1	0	0	0	0
0	1	0	0	0
0	0	0	0.547104581	0.452895419
0	0	0	1	0
0	0	0	1	0
1	0	0	0	0
0.444215484	0.555784516	0	0	0
0	0	0	1	0
0	0.678687762	0.098883201	0.032805956	0.189623081
1	0	0	0	0
0.015336741	0.519226495	0	0.122693932	0.342742832
0.129554656	0.673221515	0.085598612	0.01995373	0.091671486
0	0	0	1	0
0	0.970253467	0.005451937	0.024294596	0
0	0	0	1	0
0	0	0	0.893577982	0.106422018
0.597739362	0.003324468	0	0	0.39893617
0	0.5	0	0.5	0
0	0.87033667	0	0	0.12966333
0.020425227	0.503344482	0.148112757	0.033444816	0.294672719
0	0.622496148	0	0.030816641	0.346687211
0.037495278	0.217038156	0.643464299	0	0.102002267
0	1	0	0	0
0.222350041	0.535579293	0	0.002465078	0.239605588
0.101606563	0.44727397	0.110493933	0.027943941	0.312681593
0.022535211	0.669014085	0.022937626	0.074849095	0.210663984
0	0	0	0.706630336	0.293369664
0.292468619	0.10083682	0.462761506	0.005439331	0.138493724
0	0.918571429	0	0	0.081428571
0	0	0	1	0
0.000587372	0.937444934	0	0.002936858	0.059030837
0	1	0	0	0
0	0.141378079	0.530881828	0.163870046	0.163870046
0.021972773	0.679006449	0.239550991	0.016001911	0.043467877
0	0.495924496	0.203775204	0	0.3003003
0	0	0	0.896059395	0.103940605
0.3264	0.6736	0	0	0
1	0	0	0	0
0	0.325675256	0.031977647	0.187829867	0.454517231
0.069710358	0.540991654	0.313205695	0.014236622	0.06185567
0.482183986	0.110012193	0	0.126405636	0.281398185
1	0	0	0	0
0.346125461	0.653874539	0	0	0
0.009208103	0.990791897	0	0	0
0.102358599	0.321502175	0.52255553	0.034806503	0.018777193
0.10412758	0.480065666	0.00445591	0.062382739	0.348968105
0.408783784	0.52027027	0	0	0.070945946
0	0.85974026	0	0	0.14025974
0.016326531	0	0.983673469	0	0
0	0	0	1	0
0	0	1	0	0
0	0	0	0.778937812	0.221062188
1	0	0	0	0
1	0	0	0	0
0	0	1	0	0
0.276016651	0.342939481	0.381043868	0	0
0	0.606205251	0	0	0.393794749
0.172989378	0	0	0	0.827010622
0	0.370253165	0.167721519	0	0.462025316
0.072408537	0	0.755335366	0.09222561	0.080030488
0	0	0	1	0
0.014166923	0.650754543	0.251924854	0.007083462	0.076070219
0.016844383	0.61149745	0.274455262	0.009581208	0.087621697
0.017067004	0.321112516	0	0.334386852	0.327433628
0.192498798	0.479083186	0	0	0.328418016
0	1	0	0	0
0.091097639	0.908902361	0	0	0
0	0	0	1	0
0.462182984	0.054771411	0	0.412585053	0.070460552
0	1	0	0	0
0	0.0544	0.5696	0.376	0
0	0.977651515	0	0.004545455	0.01780303
0.028893587	0.941684285	0.017794221	0	0.011627907
0	0	0	1	0
0	0.218466251	0.781533749	0	0
0.081881533	0.020905923	0.458188153	0.043554007	0.395470383
0	0.677130045	0	0.197309417	0.125560538
0	0	0	1	0
0	0.99863371	0	0	0.00136629
0.210158434	0.784249767	0	0	0.005591799
0	0	0	1	0
0.119151591	0	0	0.877729258	0.003119152
0	1	0	0	0
0	0.899104301	0	0.014434821	0.086460878
0.042643923	0	0.957356077	0	0
0.418844789	0.329783801	0	0.000968054	0.250403356
0.363707165	0.585669782	0	0.013239875	0.037383178
0.412521029	0.296443163	0.21136746	0.014539774	0.065128575
0.081983935	0.538441923	0.308810404	0.025500446	0.045263292
0	0.756435415	0.20962715	0.010446727	0.023490708
1	0	0	0	0
0	0.419463087	0	0.135067114	0.445469799
0.331886792	0.630566038	0.014716981	0.022830189	0
1	0	0	0	0
0	1	0	0	0
0	0	0	1	0
0.010935992	0.463493085	0.381151496	0	0.144419427
1	0	0	0	0
0.01532567	0.947509579	0.037164751	0	0
1	0	0	0	0
0.033093525	0.78705036	0.179856115	0	0
0.011613692	0	0	0.398533007	0.589853301
0	0	0	0.952380952	0.047619048
0	0.077114428	0	0.67761194	0.245273632
0	0	0	0	1
0.231771486	0.52994237	0	0.169381107	0.068905036
0	0	0	1	0
1	0	0	0	0
0.133264463	0.231404959	0	0	0.635330579
0	0.344978166	0	0.086462882	0.568558952
0	0	0	0	1
0	0	1	0	0
1	0	0	0	0
0	0	0	0.964566929	0.035433071
0.006832689	0.49339207	0.236267194	0.09835476	0.165153286
0.114541833	0.885458167	0	0	0
0.670588235	0	0.329411765	0	0
0	0	0	1	0
1	0	0	0	0
0	0.057566189	0.339203303	0.294267671	0.308962837
0.265734266	0.256410256	0.477855478	0	0
0.003644216	0.891753273	0.016196518	0.012687272	0.07571872
0.117898595	0.762370189	0.119731216	0	0
0.008328995	0.825195211	0	0.031858407	0.134617387
0.059322034	0.648775895	0	0.252354049	0.039548023
0.007732285	0.125110914	0.709975916	0.008999873	0.148181012
0	0.29092441	0.520823303	0.009749639	0.178502648
1	0	0	0	0
0	0	0	1	0
0	1	0	0	0
0.007468181	0.545282423	0.447249395	0	0
0	0.278593438	0.703824542	0.017582019	0
0	0	0	1	0
0.018869789	0.52519265	0.006619245	0.053250346	0.396067971
0.021059002	0.407443268	0.035612708	0.272647504	0.263237519
0.005957447	0.994042553	0	0	0
0.068825911	0	0	0.87854251	0.052631579
0.060775336	0.426098901	0.276923077	0.111324786	0.1248779
0.589416058	0	0	0	0.410583942
1	0	0	0	0
0	1	0	0	0
1	0	0	0	0
0	1	0	0	0
0	0	0	1	0
0.75203252	0.24796748	0	0	0
0	0	0	1	0
0	1	0	0	0
0.438471251	0.032488345	0	0.013840326	0.515200078
0.007349339	0.587702107	0.188878001	0.000734934	0.21533562
0	0	0	1	0
0	1	0	0	0
0	0.010488683	0	0.700218186	0.289293131
0	0	0	0.5	0.5
0	0.96391885	0	0.03608115	0
0	0.483783784	0.516216216	0	0
0	0.011869436	0	0.982789318	0.005341246
0.024478501	0.394423159	0.558109834	0.011494253	0.011494253
0.002722125	0.791376307	0.150805749	0.022865854	0.032229965
0.899055919	0.100944081	0	0	0
0.110081938	0	0	0.698610616	0.191307446
0	0	0	0.967532468	0.032467532
0	0.428571429	0.571428571	0	0
0.315340345	0.673943243	0	0	0.010716412
0.16097561	0	0	0.72195122	0.117073171
0	1	0	0	0
0	0.46506734	0.53493266	0	0
0	0.304411765	0.488235294	0	0.207352941
0	0.226606539	0	0.169109357	0.604284104
0.08291874	0.096185738	0.313432836	0.107794362	0.399668325
1	0	0	0	0
0	0.731182796	0	0.040078201	0.228739003
0.115730819	0.698242606	0.003643378	0.070724389	0.111658808
0	0.911374738	0	0.088625262	0
0	0.901492537	0.098507463	0	0
0.041244521	0.736221887	0.222533592	0	0
0	0.846368715	0.153631285	0	0
0.085628443	0.912368553	0.002003005	0	0
1	0	0	0	0
0.020339391	0.704296546	0.275364063	0	0
0.866666667	0.058333333	0	0.016666667	0.058333333
0	0	0	1	0
0.23030303	0.76969697	0	0	0
0.06922977	0.299649305	0.52227562	0.034549942	0.074295363
0	0.857024106	0.100581879	0.035743973	0.006650042
0	0.54278481	0.441265823	0	0.015949367
1	0	0	0	0
0.002955818	0.698506534	0.262756689	0	0.035780958
0.009345794	0.939455506	0	0.0511987	0
0.033853264	0.712651646	0.179433853	0.026689775	0.047371462
0	0	0	0	1
0	1	0	0	0
0	0.938542071	0	0.036835983	0.024621946
0	1	0	0	0
0.06633574	0.502369134	0	0	0.431295126
0	1	0	0	0
0	0.466399198	0.232698094	0	0.300902708
0	0.982693755	0.017306245	0	0
0	1	0	0	0
1	0	0	0	0
0	0.84518664	0.15481336	0	0
0	0	0	1	0
0	0	0	1	0
0	0.602502406	0	0.06159769	0.335899904
0	0	0	0.986382682	0.013617318
0.13210949	0.666612031	0.066874283	0	0.134404196
0	1	0	0	0
0	0	0.391812865	0	0.608187135
0	0.858007117	0.058125741	0.034400949	0.049466192
0.945626478	0	0	0	0.054373522
0.254644726	0.427618109	0.186471525	0.042769394	0.088496246
0	0	0	0.557522124	0.442477876
0.005871991	0.569876688	0.366901546	0.03728714	0.020062635
0	0.653225806	0.005040323	0	0.341733871
0.03960396	0	0	0.957567185	0.002828854
1	0	0	0	0
0.016982048	0.294032023	0.096069869	0	0.59291606
0	0.967913549	0.032086451	0	0
0.003173883	0.758784856	0.048515076	0.122874632	0.066651553
0	0.918367347	0	0.081632653	0
0.019075065	0.770001372	0.186084809	0.009194456	0.015644298
1	0	0	0	0
0.149625935	0.082294264	0.648379052	0.034912718	0.08478803
0	0	0	0.875149343	0.124850657
0	0.393852065	0.060999039	0.260806916	0.284341979
0	0	0	1	0
0.05807977	0.709806743	0.026726974	0.024979441	0.180407072
0	0	0	1	0
0.012966965	0.670680251	0.227951014	0	0.08840177
0	0	0	0.107407407	0.892592593
0	0.761417323	0	0.026771654	0.211811024
0	0	0	1	0
0.002755906	0.961811024	0.035433071	0	0
0.017384106	0	0	0.793046358	0.189569536
0	1	0	0	0
0	0.805970149	0.059701493	0	0.134328358
0.069767442	0.5	0.430232558	0	0
0.00361061	0.703652271	0.106235245	0.010692959	0.175808915
1	0	0	0	0
0	1	0	0	0
0.072043011	0.827956989	0	0.017204301	0.082795699
0	0.222451385	0.482616382	0	0.294932233
0	0	0	1	0
0.382305247	0.223584355	0.218979049	0.024972433	0.150158915
0.066499057	0.600251414	0	0.105971087	0.227278441
0	0.684719536	0.300773694	0.01450677	0
0.000773823	0.675326111	0.323900066	0	0
0.027662157	0.396895595	0.28069719	0.035379813	0.259365245
0.174281503	0.710482682	0.003684598	0.049373618	0.062177598
1	0	0	0	0
1	0	0	0	0
0.016203704	0.983796296	0	0	0
1	0	0	0	0
0	1	0	0	0
0.605200946	0	0.394799054	0	0
0	1	0	0	0
0.692418773	0.147292419	0.128519856	0.006498195	0.025270758
0	0.987319633	0	0.007433319	0.005247049
1	0	0	0	0
0	1	0	0	0
1	0	0	0	0
1	0	0	0	0
0	1	0	0	0
0	0.882430261	0.001606543	0.043960859	0.072002337
1	0	0	0	0
0.153081511	0.135188867	0	0.355864811	0.355864811
0	0.483433735	0.516566265	0	0
1	0	0	0	0
0	0.32758886	0	0.274811509	0.397599631
0.014147465	0.414193548	0	0	0.571658986
1	0	0	0	0
0	0.17641597	0.117920149	0	0.705663881
0	0.489513206	0.502718799	0.005825997	0.001941999
1	0	0	0	0
0.058023572	0.680870354	0.139256573	0	0.121849501
0.028270292	0.495074862	0.058609141	0.089933018	0.328112687
0.522147651	0	0	0.205369128	0.272483221
0.007021966	0.115232265	0.065088225	0.105869644	0.706787901
0	0	0	1	0
0.676431425	0.323568575	0	0	0
0	0.458494386	0	0.050125775	0.491379839
1	0	0	0	0
0	0	0	1	0
1	0	0	0	0
0	0	0	1	0
0	1	0	0	0
0	1	0	0	0
1	0	0	0	0
0.005250492	0.882739007	0.001750164	0	0.110260337
0	0.813355753	0.186644247	0	0
1	0	0	0	0
0.501891551	0	0	0	0.498108449
0.143822844	0.595804196	0.097202797	0	0.163170163
0.324324324	0	0.675675676	0	0
0	0	0	1	0
0.042714657	0.813746748	0	0.023200347	0.120338248
0	0.786738155	0.213261845	0	0
1	0	0	0	0
1	0	0	0	0
0	0	0	0.965838509	0.034161491
0.874857315	0.119915891	0	0.004926404	0.000300391
0.521114106	0.165318958	0	0.152740341	0.160826595
0.247648653	0.597800096	0.025267017	0.032440619	0.096843615
0	0	0	0.533333333	0.466666667
0.012300867	0.276567856	0.105767292	0.195200645	0.410163339
1	0	0	0	0
0	0.411478261	0.001391304	0.064695652	0.522434783
0.028763028	0.797850852	0.047749859	0.057526056	0.068110204
0	0.974391445	0.025608555	0	0
0.002431118	0.243922204	0.706645057	0.047001621	0
0	0.595397891	0.394630872	0.009971237	0
0.575319987	0.138496882	0.225139481	0	0.061043649
0.031365314	0.968634686	0	0	0
1	0	0	0	0
0.022215119	0.849928081	0.051462362	0.038197219	0.038197219
1	0	0	0	0
1	0	0	0	0
0	0.548782789	0.321003963	0.03189281	0.098320438
1	0	0	0	0
0	0.86440678	0	0	0.13559322
0	0.511269276	0.021747726	0	0.466982997
0	0.206342215	0.478749174	0.001761726	0.313146884
0.014771599	0.661928997	0.083850546	0.028984608	0.21046425
0	1	0	0	0
0.00555093	0.60865945	0	0.016375243	0.369414377
0.198944591	0.450659631	0	0.001583113	0.348812665
0	1	0	0	0
0	1	0	0	0
0	0	0	1	0
0.0234375	0.9703125	0.00625	0	0
0	0	0	0.619834711	0.380165289
0.974429224	0	0	0.012785388	0.012785388
0.0705097	0.789792087	0.108059245	0	0.031638968
0.109612142	0	0	0.662731872	0.227655987
0.616287468	0.375406284	0.008306248	0	0
0	0.943996968	0.020183834	0.011465934	0.024353264
0.108927809	0.085860743	0.192510323	0.012530258	0.600170867
0.070692884	0.53511236	0.350655431	0.014747191	0.028792135
0	0	0	0	1
0	0.116740088	0	0.288546256	0.594713656
0.293956044	0.706043956	0	0	0
0	0	0	1	0
0.017181086	0.521970503	0	0.063402767	0.397445644
0	1	0	0	0
0.026858353	0.841970356	0.041457706	0.013819235	0.07589435
0.216212121	0.419090909	0.25530303	0.018181818	0.091212121
0	0	0.371584699	0.207650273	0.420765027
0	0.485760518	0	0.471197411	0.043042071
0	0	0	1	0
0.054819552	0.945180448	0	0	0
0	0	0	0.403209911	0.596790089
0.006762749	0.075055432	0.079268293	0.015299335	0.823614191
0	0	0	0.607883817	0.392116183
0	1	0	0	0
0	0.378378378	0	0	0.621621622
0	0	0	0.063774403	0.936225597
0.010761174	0.42750556	0	0.146710668	0.415022598
0	0.572705197	0.353375425	0.031568723	0.042350656
0	0.134619289	0.236345178	0.31248731	0.316548223
0.01102232	0	0	0.821989529	0.166988151
0	0.005830904	0.994169096	0	0
0.032029895	0.967970105	0	0	0
0	0.176739831	0	0.387704151	0.435556018
0	1	0	0	0
0.015503876	0.905426357	0	0.048062016	0.031007752
0.391411043	0	0	0.304294479	0.304294479
0	0	0	1	0
0	0.263254593	0.165091864	0.258792651	0.312860892
0.013511142	0.570275487	0.414634146	0	0.001579224
0.009977827	0.515521064	0.013303769	0.23059867	0.23059867
0.060803797	0.726086312	0.155865342	0	0.05724455
0	0.882140275	0	0.001446132	0.116413594
1	0	0	0	0
0	0	1	0	0
0	0	0	1	0
0	0.131326949	0	0.07250342	0.796169631
0	1	0	0	0
1	0	0	0	0
1	0	0	0	0
0.316765416	0.124753127	0	0.105113013	0.453368444
0.104982883	0.488652213	0.053505769	0.199822493	0.153036643
0	0	0	0	1
0	0.973730298	0	0	0.026269702
0	0.570909091	0	0.189090909	0.24
0.016309165	0.914908704	0.060982095	0.002836377	0.004963659
0	0.598283613	0	0	0.401716387
0	0.982115742	0.017884258	0	0
0	0.276533425	0.153514817	0	0.569951757
0	0.924700915	0.07494722	0	0.000351865
0.985875706	0	0	0.007062147	0.007062147
0	0.872299568	0.062409986	0.012241959	0.053048488
0	0	0	1	0
1	0	0	0	0
0.267401102	0.206810215	0.310465699	0.020030045	0.195292939
0.57712766	0.039893617	0	0.382978723	0
0	0.920009681	0.017668058	0.027046651	0.03527561
1	0	0	0	0
0	0	0.026711185	0.262103506	0.711185309
0.043370508	0.887236679	0.00330442	0	0.066088393
1	0	0	0	0
0.199708521	0.553673088	0.24661839	0	0
0.119410086	0.821598478	0	0.058991437	0
0	0.878581299	0.020451405	0.027729157	0.073238139
0	0	0	1	0
0.470114943	0.472413793	0.057471264	0	0
0	0	0	1	0
0.160130719	0.199346405	0	0.320261438	0.320261438
0	1	0	0	0
1	0	0	0	0
1	0	0	0	0
0	0.482578397	0.18641115	0	0.331010453
0.008326253	0.134409516	0.007816483	0.127102804	0.722344945
0	0.524633124	0.317085954	0.017295597	0.140985325
0	1	0	0	0
0.013232514	0.117202268	0.128544423	0.491493384	0.24952741
0.008665303	0.187627873	0.773257913	0	0.030448911
0.045865728	0.542271772	0.371033201	0.008508141	0.032321158
0.174603175	0	0	0.53968254	0.285714286
0	0.84970715	0.136534424	0.004033595	0.009724831
0	0	0	1	0
0	0.95662687	0.04337313	0	0
0.038636364	0	0	0.113636364	0.847727273
0.418848168	0.314659686	0.178010471	0	0.088481675
1	0	0	0	0
0	0	0	1	0
0	0.778128153	0.14530777	0.007441978	0.069122099
1	0	0	0	0
0	0	0	0.539393939	0.460606061
0.003989362	0.956117021	0	0.039893617	0
0	0	0	1	0
0.045810915	0.506072252	0.020906995	0.014911606	0.412298232
0	1	0	0	0
0	0	0	0.454716096	0.545283904
0	0.408491561	0.460443038	0	0.131065401
0	0	0	1	0
0	0	0.724519313	0	0.275480687
0.72173913	0.226086957	0.052173913	0	0
0.242337165	0.548371648	0.160440613	0	0.048850575
0.011585248	0.595674841	0.133423441	0	0.25931647
0	0.729743858	0.270256142	0	0
1	0	0	0	0
0.808252427	0	0	0	0.191747573
1	0	0	0	0
0.292363636	0.383515152	0.020727273	0.00969697	0.29369697
0	0.82254745	0.058922174	0.060599131	0.057931245
0	0	0	0.706371191	0.293628809
0.020029674	0.663204748	0	0	0.316765579
0.493419957	0.041062802	0.254872564	0.027486257	0.183158421
0	0.641078838	0.358921162	0	0
0.593368237	0	0	0	0.406631763
0.013792482	0.372487154	0.317407374	0.055350221	0.240962769
0.012770773	0.635143873	0	0.097478177	0.254607177
0	0.934806034	0	0.047952586	0.017241379
0.285714286	0	0	0	0.714285714
0.101010101	0.898989899	0	0	0
0	0.242785445	0.757214555	0	0
0	0	0	1	0
0	0	0	1	0
0	0.598848369	0.401151631	0	0
0	0	0	1	0
0	0.8243762	0.04734485	0.038387716	0.089891235
0	0.651909242	0	0.07097399	0.277116768
0.006325682	0.11621182	0.023676125	0	0.853786373
0	0.768953069	0	0.115523466	0.115523466
0.52322495	0.359654944	0.013603185	0.04246848	0.061048441
0	0	0	1	0
0	0.317230803	0.613758353	0.014130792	0.054880053
0.01776701	0.624066222	0	0.188572582	0.169594185
0	0	0	1	0
0.397089397	0.20997921	0.070686071	0.147609148	0.174636175
0	0	0	1	0
0	0	0	1	0
0.00304878	0.500813008	0	0	0.496138211
0	0	0	0.925373134	0.074626866
1	0	0	0	0
0	0	0	1	0
0.085379718	0.314574807	0.532401091	0.031946339	0.035698045
0	0.778101582	0.012905912	0.006244796	0.20274771
0.006972452	0.920021874	0	0.022352861	0.050652813
0	0.99866548	0.00133452	0	0
0.005722178	0.511148382	0.453531965	0.029597474	0
0.023798038	0.702524522	0.233478051	0.018170124	0.022029265
0	0.404721343	0.0995376	0.232903383	0.262837673
0	0	0	0.923884514	0.076115486
0	1	0	0	0
0.042540793	0.129079254	0	0.065122378	0.763257576
0	0.087797619	0.912202381	0	0
0.086847074	0.31938326	0	0.238200126	0.355569541
1	0	0	0	0
0	0.726956522	0	0.160869565	0.112173913
0	0.569354839	0.430645161	0	0
0	0.78185907	0.206146927	0.011994003	0
0	0.469486824	0.020804438	0	0.509708738
0.002006173	0.932716049	0.055864198	0.00941358	0
0	0.894710826	0	0.063766683	0.041522491
0.076129032	0.117419355	0	0.28516129	0.521290323
0.419725893	0.547968674	0	0	0.032305433
0	0.953680982	0	0	0.046319018
0	0	0	1	0
0	1	0	0	0
0	0.148037137	0	0.711455516	0.140507347
0	0	0	1	0
0.002953846	0.575261538	0.343015385	0.030892308	0.047876923
0.03419244	0.886769759	0.057560137	0	0.021477663
0	0	0	1	0
0	0.791644349	0.208355651	0	0
0	0.32037037	0	0	0.67962963
0.164329535	0.460122699	0.297765118	0.035276074	0.042506573
0.01003276	0.659090909	0.330876331	0	0
0.259868421	0.618421053	0.065789474	0.055921053	0
0.079656863	0.295833333	0	0.031372549	0.593137255
0	0.990607879	0	0.009392121	0
0	0.979028978	0.020971022	0	0
1	0	0	0	0
0	0.460296194	0	0.039287395	0.50041641
0.617801047	0.355584642	0	0.026614311	0
0	0.136924075	0.680077872	0.062946139	0.120051914
0	0.878877888	0.121122112	0	0
0	0	1	0	0
0	0.961389079	0	0	0.038610921
0	0	0	0.877862595	0.122137405
1	0	0	0	0
0	0	0	1	0
0.004054054	0.499376299	0.245530146	0.046049896	0.204989605
0	0.978303748	0	0	0.021696252
0	0	0	1	0
0	0.006688963	0	0.423076923	0.570234114
0	0.513630437	0.486369563	0	0
0.048113723	0.775469291	0	0.055039184	0.121377802
0	0.760112888	0.234713076	0	0.005174036
0.246770454	0.192116595	0.098376946	0.07817158	0.384564425
0	0.871972318	0.119723183	0.004152249	0.004152249
0	0.111532625	0	0.304628225	0.58383915
0.043123687	0.355368837	0.561843569	0.026813295	0.012850612
0.420289855	0	0	0	0.579710145
0	1	0	0	0
0	0.662353923	0	0	0.337646077
0.013722127	0.560891938	0.425385935	0	0
0.052915886	0.028773013	0	0	0.918311101
0.975206612	0	0	0.024793388	0
0	0	0	0.844192635	0.155807365
0.667330677	0	0	0	0.332669323
0	0	0	0.4	0.6
0	0.929553265	0	0.070446735	0
1	0	0	0	0
1	0	0	0	0
1	0	0	0	0
0	0	0	1	0
0.057692308	0.942307692	0	0	0
0	0	0	1	0
0.017118227	0.852093596	0.025615764	0.058743842	0.046428571
0.547220362	0.37809779	0.074681849	0	0
0	0.60326087	0	0.39673913	0
0	1	0	0	0
0	0.886402754	0.020654045	0	0.092943201
0.02886406	0.277932961	0.578212291	0.015363128	0.099627561
0.048956661	0	0	0.460674157	0.490369181
0.068353334	0.406965236	0.211493257	0.103674378	0.209513794
1	0	0	0	0
0.107687999	0.514913878	0.209494469	0.09788545	0.070018205
0.227725674	0.15855803	0.602872216	0.003516999	0.007327081
0.147528321	0.61946447	0.233007209	0	0
0.460276436	0.515001686	0	0.000449489	0.02427239
0	0	0	0.952506596	0.047493404
0	0	0	1	0
0.365508366	0.495495495	0	0	0.138996139
1	0	0	0	0
1	0	0	0	0
0.9015625	0.0625	0	0	0.0359375
0.126583985	0.453491507	0.394850364	0.013480723	0.011593421
0.78638351	0	0	0	0.21361649
0	0.996596159	0	0	0.003403841
0.008587152	0.498197172	0.083926369	0.152244046	0.25704526
0	0.938128384	0.061871616	0	0
0.134856301	0.491156964	0.104274134	0.058953574	0.210759027
0	0.974912798	0.002548967	0.002548967	0.019989268
0.129221733	0.274596182	0.013950073	0	0.582232012
0.102739726	0.851598174	0	0.02283105	0.02283105
0	0.735294118	0	0	0.264705882
0	0.618307427	0.381692573	0	0
0	1	0	0	0
0.422196982	0.34609768	0.077397371	0.04299854	0.111309427
0	0.462043112	0	0.012183693	0.525773196
0	0	0	0.6	0.4
0	0.48351248	0.458371288	0.014210239	0.043905994
0	0	0	0.353046595	0.646953405
0	0.566858375	0.400790798	0.016175413	0.016175413
0.935560859	0	0	0	0.064439141
0	0.279376499	0.10911271	0.448441247	0.163069544
0	0	0	0	1
0	0	0	1	0
0	0.672978878	0.327021122	0	0
1	0	0	0	0
0	1	0	0	0
1	0	0	0	0
0	1	0	0	0
0.978165939	0.021834061	0	0	0
0	0	0	1	0
0.004275403	0.772570794	0.146029983	0.025430316	0.051693504
0.058508045	0.929595319	0	0.011896636	0
0	0	0	0.974842767	0.025157233
0	0	0	1	0
0	0	0	0.5	0.5
1	0	0	0	0
0.030899519	0.797093156	0.172007324	0	0
1	0	0	0	0
0.737229206	0.262770794	0	0	0
0.376578447	0.623421553	0	0	0
0.002991027	0.452392822	0.529661017	0.007477567	0.007477567
0	1	0	0	0
0	0.89216054	0.007033008	0.033289572	0.067516879
0.010287443	0.131921331	0.751891074	0.044175492	0.06172466
0	0.028571429	0	0.780952381	0.19047619
0	0.236199095	0.763800905	0	0
0.541459269	0.22374651	0.024887702	0.011290518	0.198616001
0	0	1	0	0
0	0	0	0.714285714	0.285714286
0	1	0	0	0
0	0	0	0	1
0.9392	0	0	0.051466667	0.009333333
0	0.733679525	0.139651335	0	0.126669139
0.021561175	0.597281099	0	0.09494226	0.286215466
0.453271028	0.352803738	0.074766355	0	0.119158879
0	0	0	0.823188406	0.176811594
0.011725293	0.345989205	0.557602829	0.039642658	0.045040015
1	0	0	0	0
1	0	0	0	0
0.12157625	0.541880191	0	0.089680156	0.246863403
0.428954424	0	0	0.285522788	0.285522788
0	0	0	1	0
0.080470329	0.810031233	0.019658277	0	0.089840162
0	0.946132037	0	0	0.053867963
1	0	0	0	0
0	0	0	1	0
0	0	0	0.709969789	0.290030211
0	0	0	1	0
0	0.937724551	0	0.00758483	0.054690619
0.045714286	0.842857143	0.027142857	0.034285714	0.05
0	0.080998613	0	0	0.919001387
0	0	0	1	0
1	0	0	0	0
0.019879454	0.855345247	0	0.038278524	0.086496775
0.162663295	0.501896334	0.335440371	0	0
0	1	0	0	0
0	0.88170347	0	0	0.11829653
0	1	0	0	0
0	0.470948012	0.521024465	0.008027523	0
1	0	0	0	0
0	0	0	1	0
0.000997904	0.823670292	0	0.075641154	0.09969065
0.009009009	0.408408408	0	0.018018018	0.564564565
0.005839416	0.36350365	0.364233577	0.027007299	0.239416058
0	0	0	1	0
1	0	0	0	0
0.004790941	0.908246225	0	0.009727062	0.077235772
0	0.428571429	0.571428571	0	0
0	0.687905894	0.105379243	0.020340645	0.186374219
0	0.00323363	0	0.99676637	0
0	0.643678161	0	0.17816092	0.17816092
0	0	0	1	0
0.02184466	0.606553398	0	0.075242718	0.296359223
0.008831909	0.69002849	0.177920228	0.036609687	0.086609687
0.122080471	0.047890088	0.450245339	0	0.379784102
0.982248521	0.01183432	0.00591716	0	0
1	0	0	0	0
0.00570532	0.550468312	0.438881757	0.004944611	0
0.001301406	0.998698594	0	0	0
0	0.334474886	0.665525114	0	0
0.907303371	0.081460674	0	0	0.011235955
0.213253012	0.306024096	0	0	0.480722892
0.000417275	0.969747549	0.029835176	0	0
0	0	0	1	0
0	0	0	1	0
0.811680572	0	0.188319428	0	0
0	0	0	0.820512821	0.179487179
0	0	0	1	0
0	0	0	1	0
0	0.955421265	0.005955509	0.022070415	0.016552811
0	0	0	1	0
0	1	0	0	0
0	0	1	0	0
0	0	0	0	1
0	0.286189684	0	0.283860233	0.429950083
0.654024768	0.285603715	0.060371517	0	0
0.179032666	0.22587997	0.036464928	0.240440618	0.318181818
0.978296662	0.021703338	0	0	0
0.664670659	0.19760479	0	0	0.137724551
0	0.509761388	0.29978308	0.039652928	0.150802603
0.060514372	0.140695915	0.599848714	0	0.198940998
0.476491863	0	0	0.22965642	0.293851718
0	0	0	0.938879457	0.061120543
0.023564554	0.856621308	0.04148689	0.04215068	0.036176568
0.394228635	0.568035516	0.037735849	0	0
0.861616162	0	0	0.085858586	0.052525253
0	0.902216896	0.00617136	0	0.091611744
0	0	0	1	0
0.049261084	0.564778325	0.253940887	0.069458128	0.062561576
0.657122051	0.008447422	0	0.17387125	0.160559278
1	0	0	0	0
0	0.999756898	0.000243102	0	0
0.029809767	0.763286919	0.067954501	0	0.138948813
0.003337041	0.601779755	0.391546162	0	0.003337041
0.999059463	0	0	0.000940537	0
0.25100981	0.738603578	0.010386613	0	0
0	0.377906977	0	0.453488372	0.168604651
0	1	0	0	0
0	0	0	1	0
0	0	0	1	0
0.193140794	0.806859206	0	0	0
1	0	0	0	0
0	0	0	1	0
0	0	0	1	0
0	0.039355438	0	0	0.960644562
0	0.943396226	0	0.01691607	0.039687703
0.027246848	0.972753152	0	0	0
0	0	0	0.818181818	0.181818182
0	0.749584027	0	0	0.250415973
0	0.671870644	0.003624198	0.0359632	0.288541957
0.00744285	0.99255715	0	0	0
1	0	0	0	0
0.62962963	0	0	0.37037037	0
0.252391073	0.624335813	0.045430393	0.044102019	0.033740701
0	0	1	0	0
0	0	1	0	0
0	0	0	1	0
0	1	0	0	0
0.174382278	0.047713718	0	0.070150525	0.707753479
0.010682226	0.745062837	0.057181329	0.088509874	0.098563734
0.065986233	0.404541499	0.328269642	0.022707493	0.178495134
0.006626173	0.012700166	0.177250138	0.085588073	0.71783545
0	0	0	1	0
0.054054054	0.914559721	0	0.031386225	0
0.260985353	0.559254328	0	0	0.17976032
0.048275862	0	0	0	0.951724138
0	0.911164466	0	0	0.088835534
1	0	0	0	0
0.066436397	0.486858438	0.080360516	0.104538831	0.261805818
0.568472307	0.222763238	0	0	0.208764455
0.070330789	0.707989822	0.006513995	0.012111959	0.203053435
0	0	0	1	0
1	0	0	0	0
0.362220718	0.351049425	0.201421801	0.042654028	0.042654028
0.353729282	0.209392265	0.151243094	0.06781768	0.21781768
1	0	0	0	0
0	0	0	0.450598499	0.549401501
0.26760954	0.570438159	0.057542984	0.028424847	0.07598447
0	0.724493423	0	0	0.275506577
0	0	0	0.827363897	0.172636103
0	0.854573886	0.073885848	0.071540266	0
0	0.153631285	0.317318436	0	0.529050279
1	0	0	0	0
0.405587551	0.457051832	0.028182821	0.019237839	0.089939958
0	0	0	1	0
0	0.939707433	0	0.060292567	0
0	0.063829787	0	0.011702128	0.924468085
0	0.558954119	0	0.05673409	0.384311791
0	1	0	0	0
0.279274611	0.701036269	0.019689119	0	0
0	0.438433971	0.561566029	0	0
0	0	0	0.360153257	0.639846743
0.121065375	0	0	0.658595642	0.220338983
0	0.727715164	0.241547131	0.030737705	0
0.284281775	0.595136626	0	0	0.120581599
0	0.891829095	0.068800826	0	0.039370079
0.008254647	0.431082606	0.272047034	0.160282677	0.128333036
0	0	0	1	0
0	0	0	0.537383178	0.462616822
0	0.391483152	0.002520562	0.008224993	0.597771292
0	1	0	0	0
1	0	0	0	0
0	0.994285714	0	0.005714286	0
0	0	0	1	0
0	0	0.274311927	0	0.725688073
0	0	0	0.518855657	0.481144343
0	1	0	0	0
0	0.99301676	0.00698324	0	0
0.001989578	0.391094268	0	0.018190431	0.588725722
0.041221374	0.500763359	0.221374046	0	0.236641221
0.225362189	0.473797174	0	0.093185477	0.20765516
0.071803582	0.834311303	0.002007412	0	0.091877702
0	1	0	0	0
0	0	0	1	0
0.001318295	0.348908745	0.586641277	0.019334993	0.04379669
0.311529027	0.174775143	0.503270646	0.0079722	0.002452984
0.067114094	0.711409396	0.043624161	0.105704698	0.072147651
0.290097205	0.709902795	0	0	0
0.859307219	0.065781806	0	0.002395597	0.072515377
0	0	0	1	0
0	0.995242002	0	0.004757998	0
0.143895349	0.576762355	0.016715116	0.01262718	0.25
1	0	0	0	0
0	0	0	0.634920635	0.365079365
0	0	0	0	1
0	1	0	0	0
0	0.002950433	0	0.994099135	0.002950433
1	0	0	0	0
0.500781861	0.268178264	0	0	0.231039875
0.049438202	0.776779026	0.112359551	0.055805243	0.005617978
0.461683122	0.378232252	0.114480489	0.010813352	0.034790785
0	0	0	1	0
0.992623329	0	0	0	0.007376671
1	0	0	0	0
0.063837012	0.726655348	0.089303905	0	0.120203735
0	0.728665456	0.271334544	0	0
1	0	0	0	0
0.076348503	0.034146081	0.000871436	0.438954988	0.449678991
0.032204331	0.818434203	0.094392004	0.041643531	0.01332593
0.079811704	0.442601904	0.048785707	0.016796833	0.412003852
1	0	0	0	0
0.171926727	0.02648422	0	0.282277643	0.51931141
0	0.279786891	0.701162415	0.019050694	0
0	1	0	0	0
0	0.018934612	0	0.487755617	0.49330977
0	0.191033739	0	0.380989062	0.427977199
1	0	0	0	0
0.081465282	0.889557135	0	0.014488792	0.014488792
0	0	0	0	1
1	0	0	0	0
0	0	0	1	0
0.010930576	0.543338257	0.413707533	0.015243722	0.016779911
0	0.891922639	0.108077361	0	0
0	0	0	1	0
0	0	0	1	0
0.11749634	0	0	0.811127379	0.071376281
0	0	0	0	1
0.103375196	0.513343799	0.326059655	0.000941915	0.056279435
0	0	0	1	0
0.02238806	0.741044776	0	0.079104478	0.157462687
0.54373779	0.137833731	0.02626438	0.052094639	0.24006946
0.008222933	0.221562357	0.768615806	0	0.001598904
1	0	0	0	0
0	0	0	0.658102767	0.341897233
0	0.517461048	0.482538952	0	0
0	1	0	0	0
0.735698769	0.169442433	0	0	0.094858798
0.115275038	0.227043612	0.122945431	0.026298488	0.508437432
0	0.507261969	0	0.036578806	0.456159225
0.007379195	0.54463223	0.029278743	0.129969055	0.288740776
0	1	0	0	0
0	0	0	1	0
0	0.595741113	0.327800134	0.021629779	0.054828974
0.042383574	0.654450562	0.173721037	0.027242487	0.10220234
0	0.996423462	0.003576538	0	0
1	0	0	0	0
0	0	0	1	0
0	0	0	1	0
0.375621516	0.556275426	0.068103059	0	0
0.045620438	0.954379562	0	0	0
0.042693509	0.852655328	0	0.020826102	0.083825061
0	1	0	0	0
0	1	0	0	0
0	0.447368421	0	0.223684211	0.328947368
0	0	0	1	0
0.158469945	0	0	0	0.841530055
0	0	0	0.974546857	0.025453143
0.313139552	0.471526027	0	0.004078303	0.211256117
0	0.978825137	0	0.021174863	0
0.884976526	0	0	0.089984351	0.025039124
0	1	0	0	0
0.41368221	0.58631779	0	0	0
0	0	0	0.666666667	0.333333333
0.113176144	0.685436893	0	0.084327323	0.117059639
0.847682119	0	0	0	0.152317881
1	0	0	0	0
0.204027243	0.488895469	0.066923305	0.010068108	0.230085875
1	0	0	0	0
0.183032732	0.753841015	0	0.028724115	0.034402138
0.360924683	0.639075317	0	0	0
0	0	0	1	0
0	0.93840352	0	0	0.06159648
0.026734926	0.840475288	0.035520162	0.012577424	0.084692201
0.000468099	0.232223939	0	0.010719468	0.756588494
0	0.015466817	0.012654668	0	0.971878515
0.150553291	0.258808969	0.428727432	0.004295282	0.157615026
0	0.501509561	0	0.026165716	0.472324723
0	0.548460661	0.451539339	0	0
0	0.78032008	0.050887722	0.095773943	0.073018255
1	0	0	0	0
0.235824936	0.460670778	0	0.010527899	0.292976387
0.001834862	0.932110092	0.024464832	0.003669725	0.037920489
1	0	0	0	0
0.258037578	0.644676409	0.032985386	0.035908142	0.028392484
0.032115172	0.900332226	0.067552602	0	0
0.183098592	0.808853119	0	0.00804829	0
0.022310184	0.54947823	0.349766103	0.008276358	0.070169126
0.009854212	0.987446004	0	0	0.002699784
0	0.916053707	0	0.083012259	0.000934034
0.014246779	0.005698712	0.009910803	0.085852329	0.884291378
0.010442924	0.989557076	0	0	0
0	0	0	0.800461361	0.199538639
0.336687703	0.001364489	0	0.300017056	0.361930752
0.005376826	0.846670849	0.0123667	0.108701497	0.026884129
0.388888889	0	0	0.284722222	0.326388889
1	0	0	0	0
0	1	0	0	0
0.017452007	0.509598604	0.472949389	0	0
1	0	0	0	0
0.029641186	0.859098	0.026946532	0.008438519	0.075875762
0.056436567	0.927705224	0	0	0.015858209
0.813029148	0	0	0	0.186970852
0	0.931356062	0	0.035162819	0.033481119
0.307523097	0.469511659	0.062384514	0.00791905	0.152661681
1	0	0	0	0
0.004346681	0.995653319	0	0	0
0	0.550143266	0.444126074	0	0.005730659
0.203234501	0.079245283	0	0	0.717520216
0.917145987	0.019994522	0	0	0.062859491
0.075042713	0.609804179	0.098698909	0	0.216454199
1	0	0	0	0
0	0.585657998	0.147754137	0.016312057	0.250275808
0	0.670416198	0.084645669	0.088582677	0.156355456
0	0.847492748	0	0.131786158	0.020721094
0.137897311	0.483031785	0.056430318	0.03207824	0.290562347
0.160100587	0.044425817	0	0.122380553	0.673093043
0.674289674	0.057865558	0	0	0.267844768
0	0	0	0.79704797	0.20295203
0.145491803	0.854508197	0	0	0
0	1	0	0	0
0	1	0	0	0
1	0	0	0	0
0.02244898	0.060884354	0	0.132993197	0.783673469
0.072410407	0.658075601	0	0.086892489	0.182621502
0	0	0	1	0
1	0	0	0	0
0.193679599	0.622653317	0.039737171	0.101376721	0.042553191
1	0	0	0	0
0	0	0.80904059	0	0.19095941
0.209056284	0.790943716	0	0	0
0.00588565	0.268217489	0.643497758	0	0.082399103
0	0	0	1	0
0.050863391	0.440651131	0.016030874	0.231210727	0.261243877
0	0	0	0.664110685	0.335889315
0	0.956521739	0	0	0.043478261
1	0	0	0	0
0	0.433121019	0	0	0.566878981
0	0	0	0	1
0	1	0	0	0
0.044027193	0.851408223	0	0.047264487	0.057300097
0	0	0	0.733133433	0.266866567
0.006795265	0.658921526	0	0.200569925	0.133713284
1	0	0	0	0
0.326819234	0.383903317	0.107996914	0.025713551	0.155566984
1	0	0	0	0
0	0.989130435	0	0	0.010869565
0	0.586539959	0.402087553	0	0.011372488
0	0.614468085	0.385531915	0	0
0	0	0	0.5	0.5
0	0.632482394	0.036091549	0.016578638	0.314847418
0	0.296703297	0	0.098901099	0.604395604
0	0	0	1	0
0.1005432	0.744081172	0.059854463	0.02767244	0.067848724
0.317525773	0.67766323	0	0.004810997	0
1	0	0	0	0
0	0.49943757	0	0.07367829	0.426884139
0.004611897	0.004299226	0.005393575	0.52431017	0.461385132
1	0	0	0	0
0	0	0	1	0
0.155030801	0	0	0.155030801	0.689938398
0.213747954	0.149590835	0	0.294271686	0.342389525
0.324731183	0	0	0.009487666	0.665781151
0.035348447	0.533165407	0.020906801	0.056759026	0.353820319
1	0	0	0	0
0.852422907	0.147577093	0	0	0
0	0	1	0	0
0	0	0	1	0
0	0	0	0.955357143	0.044642857
1	0	0	0	0
0	1	0	0	0
0	0.036018337	0.963981663	0	0
0.000907956	0.587787992	0	0.01464079	0.396663262
0.058743909	0.702761234	0.238494857	0	0
0	1	0	0	0
0.465311533	0.414935926	0.115333628	0	0.004418913
0.458291457	0.092462312	0.189662599	0.078248385	0.181335248
1	0	0	0	0
0	1	0	0	0
0	0	0	0	1
0.004437401	0.817591125	0.103803487	0.033755943	0.040412044
0	0.600555749	0.399444251	0	0
0	0	0.930332922	0.03945746	0.030209618
0	0	0.682580645	0	0.317419355
0	0.044628808	0.672149907	0	0.283221285
0.071161609	0.919868441	0	0.004484975	0.004484975
0.080527638	0.436934673	0	0.128643216	0.353894472
0	0.117043121	0.246406571	0.390143737	0.246406571
0.087835798	0.83330818	0.029052219	0.038484757	0.011319046
0	0.682228916	0.317771084	0	0
0	0.381900968	0.142287991	0.174160501	0.301650541
0.068864303	0.788891398	0.1305035	0.011515015	0.000225785
0.026154089	0.868756893	0.105089018	0	0
0	0.87603111	0.070233325	0.009977217	0.043758347
0	0	0	0.944444444	0.055555556
0.72094055	0.27905945	0	0	0
0	0	0	0.801994302	0.198005698
0.265494584	0.489344699	0.001331913	0	0.243828805
0	0.607489417	0.392510583	0	0
0	0.960689194	0	0.003345601	0.035965206
0	0.712961055	0.287038945	0	0
0.172959805	0.71680877	0.046285018	0.06090134	0.003045067
0	0.509018036	0	0.164328657	0.326653307
0	0.842326464	0.061144252	0	0.096529284
0	1	0	0	0
0.010586492	0.979991531	0	0.009421978	0
0	0	0	1	0
0	1	0	0	0
0.003984064	0.647410359	0	0	0.348605578
0.255461363	0.529833714	0.039126182	0.039126182	0.13645256
0	0	0	0.510729614	0.489270386
0	0.393431328	0.464859899	0.003445108	0.138263666
0	0	1	0	0
0	0	0	1	0
0.508426966	0.348746759	0	0.110414866	0.032411409
0	0	0	1	0
0	0	0	0	1
0	0	0	1	0
0	0	0	1	0
0	1	0	0	0
0.552956465	0.253898635	0.160493827	0.022904483	0.009746589
0	0	0	1	0
0	1	0	0	0
0	0.874545455	0	0.125454545	0
0	0	0	0.971760797	0.028239203
0	0	0	1	0
0	0	0	1	0
1	0	0	0	0
0	1	0	0	0
0.005502063	0.295735901	0.299403943	0.063273728	0.336084365
0.027936963	0	0	0.669770774	0.302292264
0.058325494	0.354656632	0.015522107	0.188146754	0.383349012
0.000165207	0.768874938	0.164216091	0.029406906	0.037336858
0	0.530952381	0.469047619	0	0
0	0	0	1	0
0	0.588726514	0	0.033850283	0.377423203
0	0.232183908	0.676245211	0.091570881	0
0	0	0	1	0
0	1	0	0	0
1	0	0	0	0
0.11658581	0.770315343	0.000151607	0.018647665	0.094299576
0	0.888349515	0	0	0.111650485
0.07857589	0.377638976	0.326296065	0.083947533	0.133541537
0.025261932	0.94749709	0.027240978	0	0
0.402104033	0.40818235	0.189713618	0	0
0.985257985	0.014742015	0	0	0
0.098011805	0.76063995	0.022367195	0.03510407	0.08387698
1	0	0	0	0
0.024318573	0.862194751	0	0.086229608	0.027257068
1	0	0	0	0
0.646769433	0.267956707	0	0.068547065	0.016726796
0	0	0	1	0
0	0.985747126	0	0.014252874	0
0	0	0	0.110701107	0.889298893
0	1	0	0	0
0	0	0.458891013	0	0.541108987
0.017466307	0.834824798	0.001293801	0.04754717	0.098867925
0	0	0	0	1
0	0.91151582	0	0.072295806	0.016188374
0.037804076	0.432117028	0.258766163	0.069471839	0.201840894
0	0.987531172	0.012468828	0	0
0	0.072289157	0	0	0.927710843
0	1	0	0	0
0.173913043	0.02826087	0	0.502173913	0.295652174
0.042652918	0.956878369	0.000468713	0	0
0	0.812030075	0.187969925	0	0
0.017349575	0.330380214	0.556293835	0.095976375	0
0	0	1	0	0
0.257190433	0.360884045	0.220102937	0.040266424	0.121556161
0	0.559240016	0.427618174	0.006570905	0.006570905
0.955252918	0	0.005836576	0.010700389	0.028210117
0	0.910041841	0	0.048117155	0.041841004
0	0.671085465	0.209606987	0.057080474	0.062227074
0.311988616	0.600853789	0.087157595	0	0
0	0.341660632	0.555756698	0.035722906	0.066859763
0.946257198	0	0	0	0.053742802
0	0.818979933	0.001672241	0.109531773	0.069816054
0.048553212	0.018473108	0.007356547	0.169527546	0.756089586
0	0.936984418	0	0.006339749	0.056675833
0	0	0	0.714285714	0.285714286
0	1	0	0	0
0	0.891304348	0.108695652	0	0
0	0.770046669	0	0.076792533	0.153160798
0.260869565	0.188405797	0	0.550724638	0
0.029052137	0.455345789	0.124914409	0.072287978	0.318399687
1	0	0	0	0
0.40941222	0.243923695	0.014525031	0.031761402	0.300377651
0	0	0	0.5	0.5
0	0	0	1	0
0.055799373	0.911128527	0.020532915	0.012539185	0
0.037627862	0.381636629	0.233560643	0.097905504	0.249269362
0.859388732	0.04784689	0.092764378	0	0
0.009851226	0.055287495	0.934861279	0	0
0.027419355	0.899193548	0.009677419	0	0.063709677
0.241075568	0.110570236	0	0.176634214	0.471719981
0	0	0	1	0
0	1	0	0	0
0.006449479	0.669918968	0.263767157	0	0.059864396
0	0	0	0.75	0.25
0.178357337	0.524562086	0.287271312	0.003269755	0.00653951
0.130268199	0.049808429	0	0.130268199	0.689655172
0	0	0	1	0
0	1	0	0	0
1	0	0	0	0
1	0	0	0	0
0.087513879	0.894014333	0	0.017866155	0.000605632
1	0	0	0	0
0	0.132276281	0.788662033	0	0.079061685
1	0	0	0	0
0	1	0	0	0
0	0	0	0.362153735	0.637846265
0.030864198	0	0	0.969135802	0
0	0.94922426	0	0	0.05077574
0.055141926	0.824336901	0.027919963	0.027919963	0.064681247
0	0	0	0.161118509	0.838881491
0	1	0	0	0
0	0	0	0.5	0.5
0.016666667	0.437777778	0.545555556	0	0
0.158776758	0.220917431	0.139327217	0.006238532	0.474740061
0	0	0	0	1
0	0.979420732	0	0.016387195	0.004192073
0	0	0	0.834532374	0.165467626
0	0	0	1	0
0.026949541	0	0.919151376	0	0.053899083
0	0.546639511	0.147046843	0.005906314	0.300407332
0	0.411815896	0	0.041481338	0.546702765
0.513986014	0.486013986	0	0	0
0	0	0	0.960092095	0.039907905
0	0	0	1	0
0.041962775	0.865989848	0	0	0.092047377
0	0.653721683	0	0.190938511	0.155339806
0.796610169	0.203389831	0	0	0
0	0	0	1	0
0	0	0	0.926645092	0.073354908
0	0	0	0.889786921	0.110213079
0.240740741	0	0	0	0.759259259
1	0	0	0	0
0	0.98151751	0	0.01848249	0
0	0	0	0.503685504	0.496314496
0.276703967	0.709562564	0	0	0.013733469
0	0.00729927	0.416058394	0	0.576642336
0	0.83641791	0.088059701	0	0.075522388
1	0	0	0	0
0	0.227912009	0.115759106	0	0.656328886
0	0.991887676	0	0	0.008112324
1	0	0	0	0
1	0	0	0	0
0	1	0	0	0
0	0.980218855	0	0	0.019781145
1	0	0	0	0
0	1	0	0	0
0.027728086	0	0	0.668157424	0.30411449
0	0.637681159	0.260869565	0.101449275	0
0.107054761	0.195362605	0.137641835	0	0.559940799
0	0.987432675	0.012567325	0	0
0	0	0	1	0
0.420139901	0.51384436	0	0	0.066015739
0.0541771	0.764170271	0.17983155	0	0.001821079
0.110979929	0	0	0.737012987	0.152007084
0.012551291	0.977793869	0.001689597	0	0.007965243
0.080663231	0.701546045	0	0	0.217790724
0.336297494	0.022635408	0	0	0.641067098
0	0	0	1	0
0	0.498521335	0.423743135	0.038867765	0.038867765
0	0	0	0.983425414	0.016574586
0.055655296	0.556552962	0	0	0.387791741
0.205985915	0.573943662	0	0	0.220070423
0	0.662631008	0.33068305	0.003433321	0.00325262
0.020508326	0.916389132	0	0.042243646	0.020858896
0	0.385681293	0.515341471	0.015176509	0.083800726
0	0.64354067	0.286283892	0	0.070175439
0.085127202	0.407371168	0	0.071428571	0.436073059
0.017364076	0.251636778	0.121975519	0.029035013	0.579988614
0.190292333	0.410093767	0.204633205	0.039713183	0.155267512
0.018135979	0.554977228	0.348324658	0.022283669	0.056278465
0	0.953129549	0.046870451	0	0
0.101180891	0.692028986	0.036366076	0.092190016	0.078234031
0.161799261	0.355152736	0.346760658	0.01611279	0.120174555
0	0.806122449	0	0	0.193877551
0	0.49047283	0.50952717	0	0
0.188555347	0.622185741	0	0.189258912	0
0	1	0	0	0
0.003709949	0.994491287	0.001798763	0	0
0.212501892	0.599818374	0.086272136	0.039957621	0.061449977
1	0	0	0	0
0	1	0	0	0
0.329291045	0.532441957	0.075248756	0.063018242	0
0.021327014	0	0	0.022511848	0.956161137
0	0	0	1	0
0	0.775587149	0.018851622	0.044458409	0.16110282
0	0	0	0.753064799	0.246935201
0.059936909	0	0	0.524185068	0.415878023
0.013484661	0.013484661	0	0.053938645	0.919092033
0	0	0	1	0
0	0.112123974	0.21467639	0.000911577	0.672288058
0	0.040506329	0	0	0.959493671
0	1	0	0	0
0	0.056824361	0.678085916	0.011963023	0.253126699
0	0	0	1	0
0	0.469316189	0.521917008	0.008766803	0
0.247635064	0.196762666	0.349379861	0.013243641	0.192978768
1	0	0	0	0
0	0	0	0	1
0.713612565	0	0	0.042146597	0.244240838
0	0.866660891	0.133339109	0	0
0.000562905	0.17421897	0	0.395159021	0.430059105
0	0.400837696	0.599162304	0	0
0	0.837209302	0	0	0.162790698
0.519345706	0.206983328	0.273670966	0	0
0	0.788532676	0	0	0.211467324
0	0.965628357	0.034371643	0	0
0.197265482	0.750237625	0	0.015354244	0.037142648
0.040406842	0.76098012	0.156634304	0	0.041978733
0.024819796	0.573158951	0.382180278	0.007802631	0.012038344
0	0	0	1	0
0	0	0	1	0
0	0	0	0	1
0	0.65320197	0.083743842	0.126600985	0.136453202
0	0.764747546	0.228169584	0	0.00708287
1	0	0	0	0
0	1	0	0	0
0.000720202	0.381526828	0	0.19121354	0.426539431
1	0	0	0	0
0.002516427	0.018593597	0.895847896	0.022927443	0.060114637
0.067802729	0.919055527	0	0.004260235	0.008881508
0	0.542208876	0.20970971	0.021855189	0.226226226
0	1	0	0	0
0	0.99198425	0	0	0.00801575
0	0.467349975	0.532650025	0	0
0	0.519351935	0.480648065	0	0
0.070730305	0.690243435	0.143569101	0.057312632	0.038144528
0	0.443956552	0	0.208227409	0.347816039
0.013354459	0.70314622	0.026256225	0.022974196	0.2342689
1	0	0	0	0
0	0.08306962	0.451542722	0.010878165	0.454509494
0	1	0	0	0
0.01205104	0.98794896	0	0	0
0.300715746	0.513803681	0.094989775	0.026482618	0.06400818
0.575757576	0	0	0.424242424	0
0.119529189	0.841845363	0.038625448	0	0
0	0	0	0.559171598	0.440828402
0	0	0	1	0
0	0.212392388	0	0.385704576	0.401903036
0	0.371106693	0.628893307	0	0
0.000189054	0.772095661	0.18224785	0	0.045467435
0	0.011976048	0	0.774251497	0.213772455
1	0	0	0	0
0	0	0	0.587606838	0.412393162
0	0	0	1	0
1	0	0	0	0
0	1	0	0	0
0.958333333	0	0	0	0.041666667
0	0.993340733	0.006659267	0	0
0.012993725	0.633444075	0.238242894	0.006718346	0.10860096
0.652453741	0.165728077	0.168409761	0.00670421	0.00670421
0	0	0	0	1
1	0	0	0	0
0.002724796	0.997275204	0	0	0
0	1	0	0	0
0.125659408	0.638847559	0.088732585	0.04558366	0.101176789
0	0.264572102	0.723045822	0.002274259	0.010107817
0.572020439	0.085347328	0.306449385	0	0.036182848
0	0.819989253	0	0.085437937	0.09457281
0	0	0	0.595348837	0.404651163
0	0.343167086	0.131763461	0.021034528	0.504034925
1	0	0	0	0
1	0	0	0	0
1	0	0	0	0
0.264090177	0.735909823	0	0	0
0	0.895047706	0.104952294	0	0
0.523295945	0.251509922	0.094477998	0	0.130716135
0	0	0	1	0
0.00390625	0.674316406	0	0	0.321777344
1	0	0	0	0
0	0.979351286	0	0.010324357	0.010324357
0.00508647	0.740674805	0.226093591	0.023397762	0.004747372
0	1	0	0	0
0.744247704	0.182369094	0.050658082	0.01136256	0.01136256
0.066194497	0.83519477	0	0.032961046	0.065649687
0	0.550155119	0	0.140641158	0.309203723
0	0	0	0.790190736	0.209809264
0.152298851	0.847701149	0	0	0
0.034951974	0.476520811	0	0.043489861	0.445037353
0	1	0	0	0
0.013172101	0.742064349	0.116173613	0.043942993	0.084646945
0	0.782014713	0	0.066956913	0.151028374
0	0	0	1	0
1	0	0	0	0
0	1	0	0	0
0	0.339208854	0	0.096741135	0.56405001
0	0.474682902	0.480771182	0.023744292	0.020801624
0	0	0	1	0
0	0	0	1	0
0.00119403	0.240895522	0	0.19641791	0.561492537
0.490002984	0.39659803	0	0	0.113398985
0	0	0	1	0
0	1	0	0	0
0.023966289	0.34237556	0	0.119831446	0.513826705
0	0.408184319	0	0.179848693	0.411966988
0	0	0	0.781818182	0.218181818
0	1	0	0	0
0	0.878833585	0	0.016256075	0.10491034
0.034500126	0.624024175	0.159405691	0.035507429	0.146562579
0.084834559	0.228492647	0.020496324	0.228400735	0.437775735
