# ME, Horizon 1, @period From 1349,2015-10-26 00:00:00,1 to 1924,2015-10-31 23:45:00,0, means 576 lines
8.079613
8.074349
8.070579
8.06533
8.060831
8.054855
8.05037
8.045152
8.039941
8.035477
8.030281
8.025092
8.019912
8.015475
8.011782
8.006623
8.001471
7.995591
7.990455
7.98606
7.980938
7.978022
7.976574
7.974396
7.97076
7.970051
7.968613
7.965718
7.962099
7.963583
7.96361
7.969455
7.971657
7.97313
7.974601
7.981146
7.986957
7.986966
7.98987
7.994939
7.999277
8.006498
8.007215
8.00721
8.012968
8.016559
8.015108
8.01941
8.02227
8.025126
8.025825
8.024373
8.024355
8.023622
8.02432
8.025733
8.028571
8.02641
8.027104
8.029223
8.039174
8.038434
8.037696
8.034115
8.02983
8.031228
8.029078
8.032601
8.033286
8.038217
8.041726
8.045936
8.041667
8.041637
8.045134
8.042283
8.042958
8.042928
8.047117
8.047786
8.051264
8.057544
8.0554
8.05466
8.05042
8.048286
8.046853
8.04682
8.041899
8.039079
8.03696
8.033449
8.027855
8.022965
8.019471
8.019458
8.015972
8.011103
8.006241
8.000693
7.995845
7.991696
7.986169
7.982032
7.976519
7.973085
7.968966
7.964852
7.959366
7.953889
7.948418
7.946392
7.941621
7.938916
7.935528
7.932831
7.928082
7.92334
7.919973
7.917293
7.911885
7.90785
7.905184
7.903204
7.90327
7.904016
7.906122
7.908226
7.911005
7.912424
7.91791
7.928136
7.932249
7.935003
7.943843
7.950642
7.956081
7.959487
7.960189
7.959541
7.969003
7.971044
7.972409
7.971755
7.972446
7.973136
7.974497
7.977867
7.981903
7.989283
7.996653
7.995987
7.998663
7.999332
7.999332
7.998666
7.998667
8.000666
8.003329
8.001996
8.005319
8.00598
8.013944
8.019244
8.023873
8.027833
8.028477
8.030443
8.032407
8.035691
8.042933
8.045545
8.048153
8.053395
8.056653
8.057275
8.064474
8.063774
8.061761
8.063033
8.062992
8.060328
8.061599
8.058939
8.056283
8.051668
8.047712
8.047028
8.042428
8.041096
8.038462
8.035831
8.035156
8.03123
8.026008
8.022092
8.019481
8.016872
8.01297
8.007777
8.003238
7.998706
7.994825
7.989657
7.987726
7.983215
7.980645
7.9755
7.971649
7.967804
7.966538
7.965273
7.962082
7.958253
7.954429
7.950609
7.946795
7.942985
7.941101
7.939859
7.939258
7.939936
7.939336
7.941927
7.94324
7.943913
7.945223
7.949714
7.951018
7.953592
7.954892
7.955556
7.965102
7.963855
7.963878
7.966434
7.971519
7.973435
7.979772
7.979154
7.982323
7.987382
7.991173
7.996219
7.996851
7.996853
7.997484
7.999371
8.001256
8.001255
8.008156
8.007524
8.011905
8.014402
8.01627
8.01626
8.02375
8.029357
8.038702
8.043044
8.045511
8.047975
8.047323
8.053516
8.05597
8.057178
8.060248
8.05959
8.058313
8.061376
8.061958
8.063777
8.066213
8.064317
8.063041
8.061767
8.06358
8.067859
8.068434
8.066543
8.063424
8.058462
8.055966
8.054702
8.052826
8.049724
8.047239
8.043532
8.040441
8.037967
8.03366
8.031193
8.028117
8.023824
8.019536
8.015253
8.010366
8.007313
8.002436
7.997565
7.993917
7.990881
7.987849
7.983607
7.980583
7.976956
7.972121
7.968504
7.966102
7.961887
7.959492
7.955287
7.951087
7.949306
7.946924
7.946353
7.946386
7.94702
7.944645
7.95009
7.951322
7.954955
7.960984
7.962807
7.968225
7.968244
7.972455
7.977259
7.979665
7.98147
7.983274
7.983284
7.98747
7.991652
7.995232
7.994044
7.994048
7.995241
7.997622
7.998217
8
8.004154
8.008304
8.008892
8.010664
8.011249
8.010651
8.014193
8.015957
8.019492
8.020661
8.022419
8.023585
8.025928
8.025913
8.027075
8.030588
8.03351
8.038778
8.039342
8.042254
8.042815
8.046893
8.04628
8.046253
8.045641
8.046784
8.049094
8.04965
8.048453
8.049592
8.04723
8.043706
8.04601
8.046566
8.047702
8.048837
8.046485
8.043554
8.040627
8.037703
8.035362
8.031866
8.027215
8.023727
8.020243
8.016185
8.012132
8.008661
8.004616
8.001153
8.000576
7.997696
7.994819
7.990794
7.987349
7.985057
7.98162
7.97876
7.974756
7.971904
7.970774
7.966208
7.962793
7.959382
7.956547
7.953714
7.951456
7.947489
7.9498
7.946408
7.946439
7.947039
7.945931
7.945961
7.949972
7.951705
7.952868
7.96084
7.963131
7.96712
7.972238
7.978482
7.981324
7.983032
7.981345
7.983051
7.980802
7.98702
7.986464
7.98929
7.988732
7.987613
7.987057
7.987627
7.994941
7.996067
7.996631
7.996072
7.997757
7.997758
8.00112
8.003919
8.003917
8.002237
8.003354
8.005587
8.007259
8.013951
8.015059
8.01728
8.022841
8.027283
8.028937
8.031146
8.033352
8.034444
8.035536
8.038846
8.042707
8.050998
8.05097
8.050941
8.058107
8.059181
8.056938
8.059669
8.059083
8.060155
8.058467
8.057332
8.057851
8.056718
8.053935
8.051705
8.048928
8.046154
8.043383
8.040615
8.03785
8.033443
8.029589
8.025739
8.022441
8.019147
8.015856
8.012568
8.009831
8.008188
8.003819
7.999455
7.995095
7.990741
7.986935
7.983134
7.979337
7.975
7.971211
7.967427
7.963646
7.95987
7.955556
7.951788
7.948024
7.943723
7.940508
7.938378
7.936251
7.933585
7.930383
7.927724
7.92345
7.922414
7.919763
7.917653
7.916084
7.917204
7.918861
7.918367
7.917338
7.918991
7.915282
7.914791
7.914837
7.916488
7.914393
7.916043
7.916088
7.91453
7.914576
7.916222
7.917867
7.918443
7.919552
7.920128
7.92017
7.919681
7.920255
7.920298
7.918747
7.91879
7.918302
7.916225
7.91256
7.909958
7.906829
7.903175
7.901639
7.899049
7.899102
7.897043
7.895515
7.89346
7.892989
7.891465
7.890995
7.889474
7.889006
7.887487
7.88702
7.883403
7.88294
7.880378
7.878343
7.879455
7.879518
7.878534
7.877028
7.873954
7.872452
7.869906
7.867363
7.865866
7.863328
7.860271
7.85826
