# THETA, Horizon 1, @period From 1349,2015-10-26 00:00:00,1 to 1924,2015-10-31 23:45:00,0, means 576 lines
2.992585
2.290674
2.538951
1.996624
1.996605
1.293417
1.540608
1.349454
1.2252
1.496394
1.320663
1.206689
1.132765
1.436347
1.984614
1.637269
1.411909
0.9141782
0.9430268
1.313317
1.201818
2.184291
3.525847
4.043612
3.674926
4.844419
5.250079
4.808535
4.1706
6.220541
6.846138
10.08187
10.40735
10.26152
10.16765
12.58534
13.79869
11.74133
11.83149
12.94976
13.32007
14.97524
12.86154
11.14344
12.85647
12.9059
10.47154
11.71397
11.81341
11.87789
10.86466
9.150261
8.743246
8.127097
8.433679
8.98449
10.04549
8.268286
8.524702
9.394399
13.83372
11.42132
9.873283
7.463498
5.536203
7.106805
6.36726
8.687852
8.796264
10.96858
11.68233
12.49702
8.820998
8.532246
10.092
7.966162
8.326021
8.211092
10.22736
9.798582
10.91307
13.03875
10.23548
9.110073
6.629947
6.05785
6.037368
6.720614
4.724754
4.470592
4.654216
4.076074
2.650801
2.072162
2.395598
4.350716
3.878157
2.873303
2.218718
1.443082
1.28696
1.534839
0.9978848
1.346641
0.8755884
1.615731
1.748675
1.835216
1.193767
0.7759988
0.5040006
2.071086
1.696188
2.498078
2.672057
3.134266
2.388643
1.903293
2.284438
2.881401
1.875678
1.917787
2.642169
3.463054
5.045159
6.429172
8.033225
9.078317
10.10762
10.06866
12.16047
16.01936
15.29385
14.12559
16.5567
17.0683
16.68834
15.38278
13.12395
10.94518
14.85463
13.49725
12.26607
10.40858
9.909523
9.587148
9.731741
10.88299
11.98103
14.46022
16.07244
12.86372
12.55852
11.30395
10.13838
9.026911
8.662618
9.48752
10.37301
8.8297
10.29869
9.840277
13.41806
14.33235
14.56768
14.36628
12.47307
11.95241
11.61585
12.10301
14.53373
13.63878
13.06104
14.09456
13.70857
12.05126
14.49266
11.86364
9.449967
9.642923
9.064303
7.278571
8.237352
6.746182
5.77691
4.087836
3.347556
4.637541
3.353674
4.28625
4.184509
4.118647
5.133014
4.028495
2.608576
2.393041
2.958527
3.324439
2.857052
1.849793
1.549167
1.354868
1.581272
1.023226
2.423164
1.920943
2.652108
1.71765
1.816009
1.879824
3.328858
4.269643
3.820778
3.179065
2.763171
2.493415
2.318741
2.205554
3.187998
4.177191
5.1711
6.522684
6.691426
8.568016
9.075078
9.04758
9.383929
11.37349
10.88493
11.27917
10.82519
10.17819
14.71175
11.63208
10.35489
10.93221
12.71133
12.10915
14.17749
11.65864
12.12768
13.48226
13.66294
14.48079
12.56176
10.96386
10.27407
10.52769
10.69235
9.74859
12.98329
10.89236
12.32365
12.21001
11.78749
10.46658
13.78328
14.90418
17.74043
16.77715
15.11104
14.02662
11.57381
13.81433
13.18302
12.07586
12.39651
10.51894
8.941511
10.35593
9.883685
10.27124
10.87147
8.830599
7.844557
7.201266
8.522464
10.77277
10.15566
8.365181
6.499648
4.22979
4.147803
4.794039
4.865082
4.214501
4.13911
3.393393
3.255562
3.514253
2.637344
3.11163
3.071961
2.349589
1.878504
1.571589
1.022726
1.711318
1.114305
0.7252378
1.168671
1.806054
2.22118
1.79495
2.213964
2.138649
1.392924
1.60357
2.437491
1.935993
2.653867
2.07721
1.701364
2.848779
3.248771
4.554913
5.7571
6.890783
5.87952
9.76357
9.845433
11.30256
13.66206
12.72307
14.22573
12.03998
13.07553
14.09917
13.36319
12.53535
11.99728
10.59624
12.13751
13.13804
13.43891
10.83847
9.844146
9.896977
10.63237
10.0611
10.38862
11.99967
13.04888
11.63239
11.4109
10.56816
9.319831
10.9544
10.96967
12.02692
11.3187
11.20689
10.7852
11.20841
10.08845
10.05698
11.4315
11.97801
13.73154
12.07912
12.39939
11.21471
12.53222
10.60642
9.698148
8.75657
9.189358
10.16763
9.760628
8.450942
8.989684
7.251645
5.418168
7.7117
8.159049
8.798396
9.215943
7.402487
5.870989
4.869424
4.216535
4.140421
3.393092
2.208023
2.134691
2.087029
1.706967
1.459682
1.647509
1.420994
1.622371
3.497915
3.323531
3.210028
2.438445
2.284861
2.8824
2.573986
2.721915
2.120844
2.426723
3.671651
2.391188
2.254248
2.164965
2.455248
2.644404
3.116041
2.378091
5.728638
4.427796
5.669516
6.829059
6.539375
7.047346
9.819565
10.23249
10.15072
14.29999
13.48921
14.01791
15.06166
16.44377
15.23516
13.75361
10.68765
10.79689
8.407165
12.11609
10.33274
11.26118
9.777304
8.460157
7.949932
8.315373
12.72884
11.77611
10.81142
9.487941
10.01235
9.313328
10.93847
11.6529
10.38567
8.518013
9.03168
10.05946
10.38483
13.71877
12.42604
12.27824
14.2583
14.86273
13.52385
12.99628
12.65093
11.73293
11.13263
12.12453
13.119
16.54305
13.58404
11.65837
14.8725
13.19824
10.03896
11.05707
9.664056
9.778711
8.136133
7.400908
7.950181
7.279222
5.806565
5.183064
4.429834
3.935757
3.612345
3.400611
3.262266
2.135918
1.743139
1.486023
1.66289
1.778767
1.854583
1.904238
2.28181
3.219382
2.108098
1.380274
0.9036588
0.5910204
0.731596
0.8237342
0.8839644
0.5784777
0.7232937
0.8181527
0.8802864
0.920983
0.6027005
0.7391346
0.8285029
0.5421038
1.044344
2.06367
2.731826
2.823772
2.538657
2.697235
1.765758
3.226048
3.147347
3.440908
3.977966
6.057148
7.770028
7.502745
6.981724
8.370936
5.82359
6.229176
6.839612
8.274579
6.799293
8.246804
8.160941
7.071042
7.390528
8.63339
9.448766
9.293289
9.536371
9.350851
8.884717
8.234606
8.497839
8.325615
7.178781
7.461283
7.301757
6.162837
4.379369
3.901232
3.243353
2.465506
3.341865
3.223046
4.872236
4.570333
4.717984
4.469458
5.342515
5.223685
5.836454
5.546953
6.047964
5.685504
6.138797
4.36409
5.27338
4.488418
4.319413
6.277738
6.871536
6.569886
6.027947
4.638293
4.762424
4.154139
3.754981
4.183945
3.774993
3.161872
3.450477
